Cross-validating:
  |                                                                                                             |                                                                                                     |   0%  |                                                                                                             |=                                                                                                    |   1%  |                                                                                                             |==                                                                                                   |   2%  |                                                                                                             |===                                                                                                  |   3%  |                                                                                                             |====                                                                                                 |   4%  |                                                                                                             |=====                                                                                                |   5%  |                                                                                                             |======                                                                                               |   6%  |                                                                                                             |=======                                                                                              |   7%  |                                                                                                             |========                                                                                             |   8%  |                                                                                                             |=========                                                                                            |   9%  |                                                                                                             |==========                                                                                           |  10%  |                                                                                                             |===========                                                                                          |  11%  |                                                                                                             |============                                                                                         |  12%  |                                                                                                             |=============                                                                                        |  13%  |                                                                                                             |==============                                                                                       |  14%  |                                                                                                             |===============                                                                                      |  15%  |                                                                                                             |================                                                                                     |  16%  |                                                                                                             |=================                                                                                    |  17%  |                                                                                                             |==================                                                                                   |  18%  |                                                                                                             |===================                                                                                  |  19%  |                                                                                                             |====================                                                                                 |  20%  |                                                                                                             |=====================                                                                                |  21%  |                                                                                                             |======================                                                                               |  22%  |                                                                                                             |=======================                                                                              |  23%  |                                                                                                             |========================                                                                             |  24%  |                                                                                                             |=========================                                                                            |  25%  |                                                                                                             |==========================                                                                           |  26%  |                                                                                                             |===========================                                                                          |  27%  |                                                                                                             |============================                                                                         |  28%  |                                                                                                             |=============================                                                                        |  29%  |                                                                                                             |==============================                                                                       |  30%  |                                                                                                             |===============================                                                                      |  31%  |                                                                                                             |================================                                                                     |  32%  |                                                                                                             |=================================                                                                    |  33%  |                                                                                                             |==================================                                                                   |  34%  |                                                                                                             |===================================                                                                  |  35%  |                                                                                                             |====================================                                                                 |  36%  |                                                                                                             |=====================================                                                                |  37%  |                                                                                                             |======================================                                                               |  38%  |                                                                                                             |=======================================                                                              |  39%  |                                                                                                             |========================================                                                             |  40%  |                                                                                                             |=========================================                                                            |  41%  |                                                                                                             |==========================================                                                           |  42%  |                                                                                                             |===========================================                                                          |  43%  |                                                                                                             |============================================                                                         |  44%  |                                                                                                             |=============================================                                                        |  45%  |                                                                                                             |==============================================                                                       |  46%  |                                                                                                             |===============================================                                                      |  47%  |                                                                                                             |================================================                                                     |  48%  |                                                                                                             |=================================================                                                    |  49%  |                                                                                                             |==================================================                                                   |  50%  |                                                                                                             |====================================================                                                 |  51%  |                                                                                                             |=====================================================                                                |  52%  |                                                                                                             |======================================================                                               |  53%  |                                                                                                             |=======================================================                                              |  54%  |                                                                                                             |========================================================                                             |  55%  |                                                                                                             |=========================================================                                            |  56%  |                                                                                                             |==========================================================                                           |  57%  |                                                                                                             |===========================================================                                          |  58%  |                                                                                                             |============================================================                                         |  59%  |                                                                                                             |=============================================================                                        |  60%  |                                                                                                             |==============================================================                                       |  61%  |                                                                                                             |===============================================================                                      |  62%  |                                                                                                             |================================================================                                     |  63%  |                                                                                                             |=================================================================                                    |  64%  |                                                                                                             |==================================================================                                   |  65%  |                                                                                                             |===================================================================                                  |  66%  |                                                                                                             |====================================================================                                 |  67%  |                                                                                                             |=====================================================================                                |  68%  |                                                                                                             |======================================================================                               |  69%  |                                                                                                             |=======================================================================                              |  70%  |                                                                                                             |========================================================================                             |  71%  |                                                                                                             |=========================================================================                            |  72%  |                                                                                                             |==========================================================================                           |  73%  |                                                                                                             |===========================================================================                          |  74%  |                                                                                                             |============================================================================                         |  75%  |                                                                                                             |=============================================================================                        |  76%  |                                                                                                             |==============================================================================                       |  77%  |                                                                                                             |===============================================================================                      |  78%  |                                                                                                             |================================================================================                     |  79%  |                                                                                                             |=================================================================================                    |  80%  |                                                                                                             |==================================================================================                   |  81%  |                                                                                                             |===================================================================================                  |  82%  |                                                                                                             |====================================================================================                 |  83%  |                                                                                                             |=====================================================================================                |  84%  |                                                                                                             |======================================================================================               |  85%  |                                                                                                             |=======================================================================================              |  86%  |                                                                                                             |========================================================================================             |  87%  |                                                                                                             |=========================================================================================            |  88%  |                                                                                                             |==========================================================================================           |  89%  |                                                                                                             |===========================================================================================          |  90%  |                                                                                                             |============================================================================================         |  91%  |                                                                                                             |=============================================================================================        |  92%  |                                                                                                             |==============================================================================================       |  93%  |                                                                                                             |===============================================================================================      |  94%  |                                                                                                             |================================================================================================     |  95%  |                                                                                                             |=================================================================================================    |  96%  |                                                                                                             |==================================================================================================   |  97%  |                                                                                                             |===================================================================================================  |  98%  |                                                                                                             |==================================================================================================== |  99%  |                                                                                                             |=====================================================================================================| 100%

Method : Weighted Averaging Partial Least Squares
Call   : WAPLS(y = modern_wapls, x = parameter, npls = 3, iswapls = T,  

     standx = F, lean = F, check.data = T) 

No. samples        : 173 
No. species        : 48 
No. components     : 3 
Cross val.         : bootstrap : no. boot cycles =  100 


Performance:
               RMSE      R2  Avg.Bias  Max.Bias    Skill
Comp01       0.2177  0.5145   -0.0165    0.3431  51.1228
Comp02       0.1867  0.6434   -0.0167    0.2464  64.0519
Comp03       0.1830  0.6570   -0.0149    0.2358  65.4659
Comp01_XVal  0.2303  0.4734   -0.0123    0.3604  47.1305
Comp02_XVal  0.2180  0.5560   -0.0157    0.2868  54.9734
Comp03_XVal  0.2200  0.5537   -0.0123    0.2767  54.7337

$PCA
Call: rda(X = fos)

              Inertia Rank
Total              58     
Unconstrained      58   32
Inertia is variance 

Eigenvalues for unconstrained axes:
   PC1    PC2    PC3    PC4    PC5    PC6    PC7    PC8 
16.986 10.980  9.515  7.327  3.422  2.151  1.618  1.536 
(Showing 8 of 32 unconstrained eigenvalues)


$preds
$preds$env
       2        6       10       14       18       22       30       34       38       42       46       50 
390.0372 412.0704 525.0726 403.0580 408.0534 307.5717 466.7856 422.4968 421.7002 369.3355 378.9169 371.5209 
      54       58       62       66       70       74       78       82       86       90       94       98 
367.3136 386.1146 426.0722 394.9805 392.8092 423.7100 391.4167 426.7009 445.2994 420.3878 498.5585 513.8853 
     102      106      110      114      118      122      126      130      134      138      142      146 
410.5017 405.8734 401.6322 471.3004 398.8826 423.0795 423.2831 483.8070 448.1880 448.3623 442.8568 419.4912 
     150      154      158      162      166      170      174      178      182      186      190      194 
463.8764 459.8878 466.2845 423.7082 487.6161 409.2992 452.1163 464.1780 457.2200 426.5939 451.2165 488.4803 
     198      202      206      210      214 
466.1621 453.3103 459.2975 483.2757 466.6834 


$MAX
      PC1 
0.2928665 

$EX
     env 
0.150707 

$eig1
      env 
0.2436042 

$sim.ex
  [1] 0.09143245 0.07833774 0.04278180 0.10078479 0.05507110 0.04407141 0.05915729 0.06291294 0.06573410
 [10] 0.11443580 0.04700655 0.15667571 0.03835444 0.04628339 0.05068079 0.03862412 0.04764798 0.05197161
 [19] 0.07934095 0.05987354 0.21854729 0.08283816 0.11829980 0.11586197 0.06839806 0.06202655 0.12697583
 [28] 0.13097387 0.18500923 0.07769906 0.07352812 0.12657994 0.06630192 0.12197372 0.08402249 0.12695432
 [37] 0.07715392 0.07799905 0.04241550 0.06508066 0.06088461 0.19314730 0.04182725 0.07174890 0.04618097
 [46] 0.05387742 0.11836439 0.06776284 0.09127921 0.04961049 0.05969036 0.15481924 0.04408290 0.04809028
 [55] 0.05924230 0.06200533 0.10823165 0.06009407 0.05008489 0.05002814 0.07831894 0.05536726 0.06579847
 [64] 0.08269731 0.05252450 0.07049041 0.04623888 0.09896332 0.04802203 0.06271435 0.12826982 0.04281629
 [73] 0.05078989 0.05612811 0.11345186 0.14921579 0.12231036 0.11757526 0.06653280 0.04358218 0.06301250
 [82] 0.05129074 0.12424897 0.08215337 0.11183771 0.07311049 0.06626181 0.05553779 0.09547012 0.12412311
 [91] 0.06337943 0.13036684 0.07287313 0.10731688 0.05166808 0.05994516 0.04910112 0.07892448 0.05200455
[100] 0.15540748 0.06139978 0.05722313 0.05083733 0.05070676 0.05392460 0.11192776 0.08417347 0.05863319
[109] 0.04276616 0.06343696 0.14702499 0.13538611 0.05082916 0.04022989 0.04801876 0.11962004 0.15884679
[118] 0.10118235 0.06250013 0.04378025 0.12531847 0.15782340 0.05304493 0.10203985 0.05126540 0.13476668
[127] 0.04796743 0.08472233 0.11366174 0.07510104 0.10562588 0.05871245 0.07053777 0.06828672 0.07646570
[136] 0.06210260 0.07694249 0.13474472 0.04986728 0.06092859 0.06031169 0.08649172 0.07724159 0.05109614
[145] 0.01403967 0.04780863 0.05452221 0.09656010 0.06383244 0.03867315 0.08311551 0.05073689 0.07717248
[154] 0.10107108 0.04951772 0.07610575 0.13309342 0.09098461 0.13958160 0.07052129 0.04296038 0.07211790
[163] 0.06349325 0.04867813 0.05729408 0.07280062 0.03835937 0.06687634 0.09461046 0.04481181 0.12568728
[172] 0.06693469 0.08372695 0.09803354 0.08007163 0.04684986 0.08251774 0.07342088 0.07580625 0.07183548
[181] 0.08903494 0.08482281 0.11987318 0.05643747 0.07254001 0.06359842 0.20417520 0.06848258 0.16537500
[190] 0.11695863 0.04304759 0.08017426 0.16101344 0.04835584 0.04380428 0.08792716 0.07659068 0.14772950
[199] 0.05320079 0.09174846 0.04369390 0.04640479 0.06594213 0.10898061 0.06657874 0.11307822 0.08917482
[208] 0.06883627 0.13624150 0.10596436 0.08629226 0.06872200 0.08001793 0.05210023 0.06811537 0.07417328
[217] 0.13547824 0.15986828 0.09105444 0.08496062 0.06187430 0.05308632 0.04068176 0.08210939 0.03674151
[226] 0.12952283 0.11911018 0.11315899 0.06316370 0.04392074 0.21484419 0.09850501 0.08544659 0.04236498
[235] 0.07170792 0.06046811 0.04508504 0.10185912 0.04814606 0.06231435 0.16242275 0.07924019 0.05311904
[244] 0.12450918 0.05493838 0.08914236 0.05473772 0.10774221 0.04218462 0.06707540 0.08148430 0.07468088
[253] 0.05918600 0.07133928 0.06925510 0.09123662 0.09653403 0.05776974 0.09082314 0.06538783 0.05122035
[262] 0.05947290 0.11222051 0.17773411 0.10042416 0.08072918 0.04603933 0.16330259 0.06660122 0.05755219
[271] 0.06246871 0.06603608 0.09787249 0.05559937 0.04477578 0.07469874 0.05823312 0.07746630 0.09431533
[280] 0.09121169 0.07417175 0.04794071 0.13971086 0.12568349 0.09299397 0.13906590 0.03577471 0.13462055
[289] 0.04977762 0.11489339 0.03754075 0.12788884 0.07683794 0.07778425 0.13760149 0.08364267 0.10489310
[298] 0.11566909 0.05055430 0.20747377 0.07036859 0.22654290 0.04349581 0.05093658 0.08645596 0.07206152
[307] 0.05897495 0.04568272 0.04588187 0.09499342 0.03216488 0.08822679 0.06414471 0.05122155 0.06282557
[316] 0.08388258 0.06956512 0.06871812 0.11407030 0.04825607 0.07890784 0.04935672 0.07503907 0.03958500
[325] 0.04026993 0.07753787 0.12807575 0.07847852 0.03549889 0.09588033 0.04221821 0.09959113 0.05062585
[334] 0.07586351 0.17865637 0.06220940 0.15065754 0.06159416 0.09841834 0.05345412 0.11714638 0.15775321
[343] 0.08504809 0.05191413 0.11500951 0.16651081 0.04716706 0.04615027 0.06556356 0.11819367 0.09949870
[352] 0.12973323 0.09934886 0.14122777 0.15419405 0.21524353 0.11181491 0.19370591 0.08492378 0.10629597
[361] 0.11302452 0.10541984 0.10870277 0.04648300 0.09185230 0.05686885 0.08007077 0.04464627 0.07828943
[370] 0.08199673 0.04687058 0.07291703 0.06417344 0.17885259 0.15335323 0.06360271 0.06003161 0.12047370
[379] 0.12846718 0.04790473 0.11633476 0.13810750 0.03260994 0.06132847 0.05654528 0.10932249 0.05240745
[388] 0.07367080 0.08170547 0.04793111 0.04267091 0.11567821 0.12089060 0.07027344 0.09152772 0.04903941
[397] 0.13644927 0.06263046 0.05675644 0.04807888 0.09749185 0.09519928 0.03865098 0.05649063 0.05968219
[406] 0.08852907 0.05307921 0.04614423 0.08512348 0.04072297 0.09096460 0.13112444 0.04576546 0.04839448
[415] 0.05546036 0.06089901 0.09030451 0.07805120 0.18426583 0.05225593 0.08352835 0.03172040 0.05093638
[424] 0.17139576 0.07152441 0.07257200 0.05123778 0.05068232 0.05344935 0.05742177 0.04936669 0.12997395
[433] 0.05402428 0.11774505 0.04751021 0.08373685 0.08452787 0.06882221 0.19304643 0.05609418 0.07024941
[442] 0.09212589 0.05055683 0.04630459 0.07786377 0.06767004 0.08992893 0.14795763 0.06270630 0.06978350
[451] 0.04146534 0.13247153 0.10805917 0.05125888 0.06772239 0.05391822 0.12750240 0.05454600 0.08430037
[460] 0.06302483 0.07915892 0.10523859 0.05011334 0.07480679 0.07098215 0.06800781 0.07434235 0.06029745
[469] 0.08050715 0.06594974 0.09477696 0.10255177 0.12687751 0.08824282 0.04249103 0.21103031 0.07384926
[478] 0.04935712 0.04552298 0.05080730 0.10417912 0.04558304 0.03931348 0.04905102 0.04290851 0.05922352
[487] 0.16967760 0.06903917 0.14733669 0.07846517 0.06820823 0.06280753 0.10825480 0.06811171 0.12026032
[496] 0.09237522 0.09399310 0.08647160 0.08592403 0.11648226 0.06520036 0.12049584 0.09274021 0.04234981
[505] 0.14086074 0.05775813 0.12101482 0.15487256 0.16272065 0.08586013 0.09813244 0.10851789 0.06287560
[514] 0.06926053 0.08108294 0.05933020 0.08648435 0.03960932 0.05164572 0.14283143 0.05727580 0.06417547
[523] 0.10867205 0.04841068 0.08090269 0.11720904 0.04608067 0.05322048 0.04641266 0.03584603 0.04434141
[532] 0.05425891 0.04693645 0.05068574 0.06794828 0.04868919 0.05172757 0.04667254 0.07778552 0.06411770
[541] 0.05706095 0.09682538 0.07539412 0.07272585 0.04869765 0.08598909 0.05359496 0.06328878 0.11639223
[550] 0.09931470 0.06268904 0.04436139 0.17659793 0.05635256 0.12181267 0.09743390 0.14629682 0.09300313
[559] 0.09578502 0.13487680 0.05873125 0.04878628 0.06726733 0.08320732 0.06713222 0.11888024 0.08388192
[568] 0.08379804 0.05203740 0.08834472 0.04347547 0.12819234 0.05186303 0.05232601 0.08718939 0.10041430
[577] 0.10176858 0.07440209 0.11114149 0.06257530 0.07593467 0.04233053 0.04761279 0.13281120 0.09373927
[586] 0.11934552 0.04024812 0.12125049 0.06270262 0.13944470 0.17868847 0.09442106 0.08688558 0.05503626
[595] 0.07405604 0.05831850 0.09302060 0.10256997 0.08355622 0.14148831 0.06721495 0.10031167 0.05084440
[604] 0.14386726 0.04606644 0.09055370 0.04990413 0.06561447 0.04023288 0.07612322 0.10793194 0.07267077
[613] 0.16365545 0.05270497 0.08894784 0.08787342 0.04755175 0.13442695 0.12085561 0.06131635 0.04374536
[622] 0.05301382 0.10767337 0.10717327 0.05043046 0.10888641 0.07274933 0.03747545 0.03885715 0.07752240
[631] 0.04621350 0.06447227 0.06707359 0.03593200 0.03931266 0.08813765 0.11286113 0.06997647 0.03752143
[640] 0.03591392 0.04089129 0.10707564 0.11914056 0.04774594 0.05265137 0.06271840 0.08440762 0.04676372
[649] 0.08747723 0.03745748 0.11491148 0.06156087 0.03689565 0.08637249 0.09973050 0.07075579 0.06601787
[658] 0.09085762 0.08959679 0.07023760 0.06847501 0.04781057 0.05858541 0.05388644 0.06835442 0.08308712
[667] 0.07538573 0.05014319 0.05835642 0.08382192 0.11106865 0.08306236 0.07494423 0.12254783 0.08449577
[676] 0.10944862 0.05476940 0.05978539 0.07485300 0.08304206 0.11699158 0.09827078 0.06361799 0.06816759
[685] 0.05535750 0.05787839 0.09509598 0.19009590 0.07319255 0.04280569 0.06470713 0.06046759 0.04175744
[694] 0.08316804 0.06031011 0.07199186 0.05450993 0.07139780 0.12882139 0.08717478 0.05426676 0.11283729
[703] 0.11860920 0.16374690 0.05250381 0.07109192 0.04985706 0.11157125 0.16526790 0.11374757 0.04242383
[712] 0.06222942 0.06041016 0.06164923 0.04305864 0.05935076 0.05622528 0.05547492 0.18991665 0.06600480
[721] 0.05358862 0.03860913 0.13057472 0.07509375 0.13270946 0.14728930 0.06383538 0.09684178 0.04322297
[730] 0.07110793 0.04582408 0.04905133 0.05187112 0.04725525 0.05357002 0.06209547 0.09983126 0.04587173
[739] 0.06178302 0.06777536 0.06313559 0.09245484 0.06075516 0.04778387 0.05182769 0.09895252 0.12396606
[748] 0.07216814 0.15075768 0.06680611 0.03523771 0.13443031 0.06192113 0.12132949 0.07161682 0.07480123
[757] 0.05311932 0.04986031 0.06237929 0.04611155 0.11010600 0.09506434 0.18765492 0.06870856 0.05472490
[766] 0.05060747 0.15469919 0.12016494 0.04790595 0.12590762 0.06632021 0.11736871 0.08052736 0.07477466
[775] 0.17756920 0.06387518 0.17241012 0.09334561 0.08615070 0.10921672 0.09288548 0.10602121 0.06492391
[784] 0.12360656 0.04600545 0.14608345 0.07005388 0.12544263 0.09939491 0.14424735 0.18543927 0.08881343
[793] 0.06373698 0.04304760 0.04850152 0.06570482 0.13152551 0.09272694 0.08344597 0.06622997 0.05158858
[802] 0.12420324 0.06811428 0.04944345 0.05460161 0.05041598 0.04482790 0.07431676 0.14775816 0.08851946
[811] 0.11197542 0.05557589 0.08790479 0.05677504 0.04553966 0.06869719 0.10334883 0.19442694 0.05566302
[820] 0.03201893 0.08123695 0.05527620 0.06144004 0.11670081 0.08496802 0.10842183 0.04941024 0.07443073
[829] 0.05142322 0.06274531 0.06181589 0.05536376 0.06769615 0.06081446 0.04332628 0.06664304 0.07159004
[838] 0.04444001 0.16962356 0.11410481 0.11429939 0.05768952 0.07869941 0.06562623 0.07672180 0.03838237
[847] 0.11686639 0.21768366 0.09644893 0.08100905 0.06815473 0.19300289 0.10338777 0.05718460 0.02434588
[856] 0.11911784 0.05099164 0.08725882 0.05628965 0.05346804 0.06097186 0.05488368 0.09236385 0.16107902
[865] 0.11780124 0.06184904 0.08168962 0.14640810 0.14326262 0.05092632 0.08331557 0.08952777 0.10311891
[874] 0.14493139 0.09554853 0.08894392 0.09344181 0.12005638 0.10086044 0.19491030 0.13512811 0.06089386
[883] 0.07610213 0.04871727 0.05690361 0.05720813 0.07118713 0.12597451 0.05486983 0.07047787 0.12693428
[892] 0.04890364 0.13643879 0.08324068 0.05094653 0.06168770 0.08107207 0.06044026 0.05302859 0.09272102
[901] 0.06478651 0.04743452 0.05509701 0.07640751 0.04092143 0.11368309 0.05925178 0.09717395 0.06347402
[910] 0.11363663 0.14729464 0.12375857 0.13069541 0.09298196 0.13344029 0.06587530 0.09147184 0.05019983
[919] 0.08964347 0.06451913 0.06067512 0.10895571 0.05199673 0.08709695 0.18870079 0.12419283 0.05063296
[928] 0.06933287 0.06843203 0.04692653 0.05583700 0.06074798 0.04801893 0.08990325 0.03636921 0.13660252
[937] 0.04575316 0.07198079 0.20609648 0.06838831 0.10465148 0.05382490 0.06442191 0.04452804 0.11473767
[946] 0.09212520 0.08550287 0.12965584 0.07545681 0.05890101 0.10362799 0.08985944 0.05327488 0.14170053
[955] 0.09747497 0.05302715 0.07167657 0.07425146 0.07255511 0.03762564 0.04505408 0.08140553 0.14426743
[964] 0.11638351 0.23387414 0.07824476 0.05575320 0.08424473 0.05213280 0.07093583 0.06980783 0.04972069
[973] 0.08502505 0.08355024 0.05053369 0.06037675 0.03540146 0.06060809 0.08324471 0.08055602 0.15098254
[982] 0.04380331 0.09235636 0.09169042 0.13119426 0.12493202 0.11074468 0.07126282 0.20626351 0.06898857
[991] 0.10560515 0.14899829 0.04370648 0.04199594 0.15913909 0.08521668 0.11017663 0.05074074 0.10124592

$sig
  env 
0.059 

attr(,"class")
[1] "palaeoSig"
