Cross-validating:
  |                                                                                                             |                                                                                                     |   0%  |                                                                                                             |=                                                                                                    |   1%  |                                                                                                             |==                                                                                                   |   2%  |                                                                                                             |===                                                                                                  |   3%  |                                                                                                             |====                                                                                                 |   4%  |                                                                                                             |=====                                                                                                |   5%  |                                                                                                             |======                                                                                               |   6%  |                                                                                                             |=======                                                                                              |   7%  |                                                                                                             |========                                                                                             |   8%  |                                                                                                             |=========                                                                                            |   9%  |                                                                                                             |==========                                                                                           |  10%  |                                                                                                             |===========                                                                                          |  11%  |                                                                                                             |============                                                                                         |  12%  |                                                                                                             |=============                                                                                        |  13%  |                                                                                                             |==============                                                                                       |  14%  |                                                                                                             |===============                                                                                      |  15%  |                                                                                                             |================                                                                                     |  16%  |                                                                                                             |=================                                                                                    |  17%  |                                                                                                             |==================                                                                                   |  18%  |                                                                                                             |===================                                                                                  |  19%  |                                                                                                             |====================                                                                                 |  20%  |                                                                                                             |=====================                                                                                |  21%  |                                                                                                             |======================                                                                               |  22%  |                                                                                                             |=======================                                                                              |  23%  |                                                                                                             |========================                                                                             |  24%  |                                                                                                             |=========================                                                                            |  25%  |                                                                                                             |==========================                                                                           |  26%  |                                                                                                             |===========================                                                                          |  27%  |                                                                                                             |============================                                                                         |  28%  |                                                                                                             |=============================                                                                        |  29%  |                                                                                                             |==============================                                                                       |  30%  |                                                                                                             |===============================                                                                      |  31%  |                                                                                                             |================================                                                                     |  32%  |                                                                                                             |=================================                                                                    |  33%  |                                                                                                             |==================================                                                                   |  34%  |                                                                                                             |===================================                                                                  |  35%  |                                                                                                             |====================================                                                                 |  36%  |                                                                                                             |=====================================                                                                |  37%  |                                                                                                             |======================================                                                               |  38%  |                                                                                                             |=======================================                                                              |  39%  |                                                                                                             |========================================                                                             |  40%  |                                                                                                             |=========================================                                                            |  41%  |                                                                                                             |==========================================                                                           |  42%  |                                                                                                             |===========================================                                                          |  43%  |                                                                                                             |============================================                                                         |  44%  |                                                                                                             |=============================================                                                        |  45%  |                                                                                                             |==============================================                                                       |  46%  |                                                                                                             |===============================================                                                      |  47%  |                                                                                                             |================================================                                                     |  48%  |                                                                                                             |=================================================                                                    |  49%  |                                                                                                             |==================================================                                                   |  50%  |                                                                                                             |====================================================                                                 |  51%  |                                                                                                             |=====================================================                                                |  52%  |                                                                                                             |======================================================                                               |  53%  |                                                                                                             |=======================================================                                              |  54%  |                                                                                                             |========================================================                                             |  55%  |                                                                                                             |=========================================================                                            |  56%  |                                                                                                             |==========================================================                                           |  57%  |                                                                                                             |===========================================================                                          |  58%  |                                                                                                             |============================================================                                         |  59%  |                                                                                                             |=============================================================                                        |  60%  |                                                                                                             |==============================================================                                       |  61%  |                                                                                                             |===============================================================                                      |  62%  |                                                                                                             |================================================================                                     |  63%  |                                                                                                             |=================================================================                                    |  64%  |                                                                                                             |==================================================================                                   |  65%  |                                                                                                             |===================================================================                                  |  66%  |                                                                                                             |====================================================================                                 |  67%  |                                                                                                             |=====================================================================                                |  68%  |                                                                                                             |======================================================================                               |  69%  |                                                                                                             |=======================================================================                              |  70%  |                                                                                                             |========================================================================                             |  71%  |                                                                                                             |=========================================================================                            |  72%  |                                                                                                             |==========================================================================                           |  73%  |                                                                                                             |===========================================================================                          |  74%  |                                                                                                             |============================================================================                         |  75%  |                                                                                                             |=============================================================================                        |  76%  |                                                                                                             |==============================================================================                       |  77%  |                                                                                                             |===============================================================================                      |  78%  |                                                                                                             |================================================================================                     |  79%  |                                                                                                             |=================================================================================                    |  80%  |                                                                                                             |==================================================================================                   |  81%  |                                                                                                             |===================================================================================                  |  82%  |                                                                                                             |====================================================================================                 |  83%  |                                                                                                             |=====================================================================================                |  84%  |                                                                                                             |======================================================================================               |  85%  |                                                                                                             |=======================================================================================              |  86%  |                                                                                                             |========================================================================================             |  87%  |                                                                                                             |=========================================================================================            |  88%  |                                                                                                             |==========================================================================================           |  89%  |                                                                                                             |===========================================================================================          |  90%  |                                                                                                             |============================================================================================         |  91%  |                                                                                                             |=============================================================================================        |  92%  |                                                                                                             |==============================================================================================       |  93%  |                                                                                                             |===============================================================================================      |  94%  |                                                                                                             |================================================================================================     |  95%  |                                                                                                             |=================================================================================================    |  96%  |                                                                                                             |==================================================================================================   |  97%  |                                                                                                             |===================================================================================================  |  98%  |                                                                                                             |==================================================================================================== |  99%  |                                                                                                             |=====================================================================================================| 100%

Method : Weighted Averaging Partial Least Squares
Call   : WAPLS(y = modern_wapls, x = parameter, npls = 3, iswapls = T,  

     standx = F, lean = F, check.data = T) 

No. samples        : 173 
No. species        : 48 
No. components     : 3 
Cross val.         : bootstrap : no. boot cycles =  100 


Performance:
                 RMSE      R2  Avg.Bias  Max.Bias    Skill
Comp01        95.6375  0.2453   -4.7509  178.5378  23.1375
Comp02        90.3628  0.3290   -7.0725  173.8958  31.3821
Comp03        86.2544  0.3888   -6.0295  178.4515  37.4798
Comp01_XVal   99.3853  0.2124   -5.9126  183.7387  18.8055
Comp02_XVal  100.3190  0.2540   -8.6675  177.7475  19.7085
Comp03_XVal  107.4600  0.2537   -7.8640  182.5776  12.5136

$PCA
Call: rda(X = fos)

              Inertia Rank
Total              58     
Unconstrained      58   32
Inertia is variance 

Eigenvalues for unconstrained axes:
   PC1    PC2    PC3    PC4    PC5    PC6    PC7    PC8 
16.986 10.980  9.515  7.327  3.422  2.151  1.618  1.536 
(Showing 8 of 32 unconstrained eigenvalues)


$preds
$preds$env
         2          6         10         14         18         22         30         34         38         42 
 -9.269620  -9.454486  -8.116160  -9.686490  -9.111806 -11.957596  -7.722527  -8.591413  -7.599539  -8.554699 
        46         50         54         58         62         66         70         74         78         82 
 -8.733251  -8.829695  -9.627702  -8.384005  -7.414786  -8.757348  -8.615179  -8.192101  -8.116422  -7.363165 
        86         90         94         98        102        106        110        114        118        122 
 -7.300824  -7.634157  -7.561778  -7.293880  -8.642432  -8.933572  -9.421844  -7.518730  -9.473206  -8.281151 
       126        130        134        138        142        146        150        154        158        162 
 -8.546293  -6.787803  -7.301207  -8.033839  -7.782600  -8.728447  -7.524563  -8.056322  -7.555699  -7.716692 
       166        170        174        178        182        186        190        194        198        202 
 -6.991127  -9.296375  -7.768065  -8.198256  -7.055827  -8.063800  -7.779560  -7.528551  -7.836133  -7.034964 
       206        210        214 
 -7.700206  -7.429082  -7.266086 


$MAX
      PC1 
0.2928665 

$EX
      env 
0.1460092 

$eig1
      env 
0.2865623 

$sim.ex
  [1] 0.04980329 0.07651371 0.04573643 0.13747137 0.05938160 0.07316881 0.10906436 0.04434427 0.13883818
 [10] 0.14505239 0.06523653 0.03311345 0.16813509 0.07022962 0.06632802 0.18285560 0.05534515 0.05524232
 [19] 0.06563472 0.05375756 0.05766039 0.05784879 0.09791720 0.04821213 0.06046803 0.04595471 0.08248500
 [28] 0.03875006 0.06363396 0.05888612 0.08217997 0.04529635 0.06317716 0.05594936 0.06827916 0.04902587
 [37] 0.05437861 0.06676930 0.15212770 0.05461595 0.16299118 0.05164528 0.05933801 0.04134591 0.09346349
 [46] 0.05571275 0.03813086 0.14916485 0.15030348 0.08653797 0.04947848 0.03937309 0.04649085 0.04525530
 [55] 0.03347410 0.05688823 0.14206920 0.05032420 0.09765294 0.04080754 0.04915226 0.05629311 0.06777468
 [64] 0.04945818 0.09255413 0.04022608 0.04630428 0.05256226 0.03947099 0.05130134 0.06689760 0.06988028
 [73] 0.11400541 0.04148538 0.03839690 0.04917731 0.04754612 0.05980137 0.06652407 0.08914175 0.06471931
 [82] 0.04356723 0.11498923 0.05303010 0.07372852 0.11408744 0.09154316 0.05358507 0.05673614 0.05500891
 [91] 0.13066805 0.07635456 0.05338302 0.10809149 0.12794625 0.06457225 0.06540687 0.09239213 0.11883978
[100] 0.05098374 0.04061449 0.05262558 0.07514101 0.05307414 0.10571633 0.10721820 0.06434212 0.04851197
[109] 0.05435408 0.05576738 0.05306981 0.03644508 0.06527621 0.10191395 0.05057095 0.05319779 0.06755708
[118] 0.11992248 0.04145107 0.06912378 0.03711685 0.04887177 0.05630499 0.05082510 0.05214849 0.04247049
[127] 0.05368453 0.09114963 0.07764485 0.05796582 0.12374898 0.05455479 0.04560930 0.06115092 0.06138987
[136] 0.08227019 0.08329675 0.07455528 0.11928580 0.10576963 0.05044222 0.04224591 0.04704399 0.08890638
[145] 0.05129472 0.06483070 0.06848940 0.05759697 0.07599313 0.05392748 0.11928476 0.12047120 0.04752773
[154] 0.05829328 0.06204306 0.05353467 0.11451226 0.13475516 0.09218955 0.10680548 0.08876887 0.07954906
[163] 0.12011949 0.05548641 0.05559168 0.07008161 0.05554576 0.04692033 0.08402047 0.05683074 0.04614354
[172] 0.07504627 0.06667751 0.08256372 0.05771444 0.04796754 0.06029850 0.06401967 0.05708401 0.06942690
[181] 0.05615923 0.04394727 0.05641627 0.04929189 0.05445618 0.10497658 0.08627433 0.04978792 0.04840301
[190] 0.05218896 0.04448649 0.07437602 0.04215753 0.04670055 0.04231909 0.04737440 0.09841042 0.06642178
[199] 0.05632904 0.05597343 0.07021247 0.07423019 0.09433793 0.09051742 0.04898362 0.04589561 0.05105136
[208] 0.07132937 0.05666741 0.05260338 0.05473488 0.06818061 0.11211129 0.04503749 0.06595670 0.03868261
[217] 0.07559904 0.05808131 0.04772979 0.11867588 0.05058820 0.07915322 0.04732665 0.05696492 0.04802839
[226] 0.04841057 0.04057209 0.08162494 0.06198310 0.04024261 0.04408458 0.07347495 0.05596105 0.08077246
[235] 0.04683158 0.07159802 0.04549883 0.06035773 0.04632340 0.04918738 0.06744800 0.10452305 0.04543596
[244] 0.05125603 0.05446740 0.07091137 0.05447843 0.13239405 0.09621584 0.04985836 0.05971575 0.05580169
[253] 0.04843946 0.17249209 0.05136510 0.06587966 0.10079383 0.06159754 0.05116446 0.06746205 0.07971284
[262] 0.06036022 0.03872935 0.06822846 0.13085573 0.04633210 0.05945400 0.08486061 0.05106307 0.04688811
[271] 0.04117837 0.04934465 0.06588551 0.05583264 0.06116208 0.10631688 0.07238621 0.04072242 0.07881888
[280] 0.08980504 0.07949697 0.10247126 0.14256449 0.08545154 0.04501734 0.07204799 0.08322474 0.04468030
[289] 0.18796265 0.04450619 0.06287946 0.03565606 0.08684187 0.05172912 0.05041285 0.05637909 0.11018908
[298] 0.12180158 0.04878514 0.06727125 0.08433719 0.04793352 0.05347772 0.15242958 0.06765574 0.04383659
[307] 0.08181408 0.06828420 0.05666917 0.06735001 0.04420774 0.02893906 0.06378237 0.03739419 0.06727014
[316] 0.04726108 0.07349060 0.06702736 0.05379545 0.09242245 0.10459514 0.13909812 0.05829804 0.03495929
[325] 0.04200809 0.04711730 0.09928732 0.06304349 0.04834167 0.07257471 0.07253660 0.09037280 0.04054888
[334] 0.09020857 0.05004048 0.16418222 0.04884638 0.14904523 0.08184149 0.04615490 0.06862977 0.04540756
[343] 0.04526510 0.04866671 0.08727943 0.05763701 0.07286260 0.05479116 0.04930423 0.07079981 0.05756452
[352] 0.09485898 0.06528724 0.06550319 0.06764346 0.06609873 0.04123386 0.04666566 0.08082422 0.04795125
[361] 0.12422621 0.07140722 0.05220233 0.06314735 0.05952259 0.10182671 0.09123727 0.06733494 0.03623903
[370] 0.06147960 0.08718461 0.10151085 0.05562389 0.05415763 0.05486448 0.11061806 0.15340371 0.06714335
[379] 0.09086105 0.04928106 0.08591372 0.08744582 0.05724184 0.07767917 0.06753424 0.08580740 0.04407416
[388] 0.04340511 0.08547611 0.11062045 0.07497667 0.05660143 0.04142120 0.05854429 0.05372974 0.09051648
[397] 0.04654060 0.04238925 0.05078906 0.04314666 0.07383911 0.05708430 0.13625337 0.06678320 0.08291487
[406] 0.06038886 0.05038105 0.04497124 0.04626164 0.05213596 0.04950431 0.03771602 0.15199191 0.15644843
[415] 0.05920666 0.04577815 0.04877933 0.04058802 0.07996400 0.04870731 0.05785828 0.06279563 0.05554052
[424] 0.04463477 0.13248174 0.05888102 0.13121016 0.04349878 0.15328223 0.05878571 0.06729824 0.05251743
[433] 0.05923315 0.04371177 0.05277609 0.07508497 0.04777193 0.08213377 0.07450554 0.05284495 0.07867471
[442] 0.08356602 0.04844042 0.06106745 0.11384134 0.07874366 0.07164684 0.04064328 0.05758615 0.07600686
[451] 0.05446161 0.04752098 0.04965237 0.04754444 0.04060862 0.07578678 0.06243883 0.06269134 0.06184130
[460] 0.06481891 0.05727617 0.03886852 0.05200810 0.05956085 0.06622199 0.05923619 0.08463112 0.11062830
[469] 0.06804803 0.10105699 0.17536733 0.03964561 0.08778174 0.15217935 0.09145738 0.07797768 0.05229306
[478] 0.05377956 0.05662525 0.05949238 0.05653995 0.06824735 0.05149415 0.09787493 0.05366933 0.11781264
[487] 0.07165038 0.08641877 0.03235913 0.07794273 0.14500648 0.07845214 0.09437716 0.08313681 0.08724141
[496] 0.07308433 0.05915690 0.08617506 0.11964119 0.15317609 0.08619715 0.14099435 0.05719273 0.10535038
[505] 0.06863813 0.04814273 0.09257003 0.06779997 0.08893414 0.05636454 0.08713889 0.08458652 0.07447870
[514] 0.06799845 0.07315619 0.03920506 0.05435254 0.05664473 0.04416603 0.05392501 0.13334657 0.07190398
[523] 0.06835763 0.08873033 0.05758999 0.05411215 0.11692060 0.08822961 0.06987401 0.05241211 0.03729677
[532] 0.10173011 0.09449722 0.04647824 0.04519247 0.07973651 0.05097045 0.09421558 0.05767853 0.13706402
[541] 0.04839088 0.15960779 0.05939898 0.15119321 0.06067906 0.04499508 0.07822495 0.13323865 0.03915956
[550] 0.05939514 0.05771018 0.04753341 0.07583569 0.05726354 0.07025322 0.04584723 0.03564444 0.12913223
[559] 0.05421462 0.09131717 0.06869087 0.05759563 0.05974114 0.08899567 0.05645314 0.08496071 0.07228547
[568] 0.05567149 0.06082337 0.04601680 0.04628599 0.04706056 0.06983433 0.05669165 0.07939688 0.09208814
[577] 0.04977240 0.07726287 0.05626871 0.04841785 0.13416387 0.04674273 0.08203105 0.07110377 0.12132487
[586] 0.04714473 0.08601224 0.05563134 0.06340884 0.06871030 0.04787029 0.04604058 0.09029465 0.08941711
[595] 0.05701703 0.08319074 0.05075055 0.07802987 0.05622053 0.05313910 0.08379723 0.06708952 0.05172496
[604] 0.10615202 0.08846479 0.05036824 0.06074654 0.15564659 0.05685677 0.07489895 0.06858075 0.04940583
[613] 0.04250051 0.05863180 0.05844421 0.05564320 0.06057690 0.07418154 0.05078598 0.06121303 0.04820276
[622] 0.04718217 0.05933793 0.05985785 0.06074155 0.09104693 0.04597727 0.07518182 0.05679271 0.14464884
[631] 0.05645505 0.07675628 0.03486215 0.05042358 0.07768978 0.04574061 0.08807564 0.04421636 0.06593297
[640] 0.07987712 0.05199520 0.04359253 0.07701897 0.06099687 0.07645579 0.05621618 0.07433516 0.04314216
[649] 0.07729521 0.09040315 0.05078069 0.05198517 0.06594017 0.04980338 0.04539844 0.05517803 0.04314267
[658] 0.05393660 0.06063777 0.03516001 0.04676693 0.08154775 0.07353568 0.06691111 0.05147058 0.05680252
[667] 0.08914948 0.04213398 0.07778597 0.06360410 0.10848614 0.06317502 0.06314849 0.05968567 0.07446838
[676] 0.11840271 0.05415452 0.04945015 0.04779112 0.05939671 0.06499017 0.15785065 0.06073517 0.04696621
[685] 0.09594182 0.06126532 0.04336639 0.05825556 0.05656613 0.07440985 0.06707293 0.06566930 0.05060560
[694] 0.11000758 0.06588340 0.07534972 0.04678208 0.06754226 0.06744522 0.09307688 0.10855954 0.06183179
[703] 0.08936333 0.06780556 0.06528936 0.03646031 0.05010345 0.07328113 0.04755118 0.06072881 0.05173481
[712] 0.05028799 0.07875809 0.12674884 0.04549202 0.04301661 0.07145214 0.06784725 0.07784282 0.06142279
[721] 0.12568611 0.06513576 0.04938547 0.05164314 0.09684722 0.06927640 0.08132646 0.05229284 0.02774484
[730] 0.09103904 0.06972048 0.03565726 0.05060964 0.07386616 0.06890611 0.07330405 0.06119568 0.06543185
[739] 0.02750265 0.11022572 0.04242205 0.14336613 0.07005036 0.05725866 0.10015952 0.08085393 0.12589569
[748] 0.05378713 0.08375358 0.04210496 0.05845550 0.03969443 0.05431337 0.08057738 0.04102643 0.09001692
[757] 0.04709456 0.05418276 0.07577985 0.08304438 0.12447017 0.05998167 0.10140397 0.03405152 0.04702254
[766] 0.14640793 0.06472350 0.05522490 0.06592888 0.05237264 0.06581646 0.03845008 0.05190775 0.06019980
[775] 0.13283322 0.07514877 0.05179786 0.07812046 0.08158465 0.06757317 0.07325444 0.06837874 0.07816454
[784] 0.17561572 0.07367698 0.04892976 0.08470092 0.03701665 0.13389717 0.06568388 0.06414435 0.07316198
[793] 0.06888904 0.06454369 0.08864210 0.06944233 0.08688009 0.05677342 0.04849875 0.12335538 0.05791832
[802] 0.11835525 0.05968124 0.04296290 0.08412766 0.07878193 0.08441451 0.04209322 0.05479289 0.05287189
[811] 0.07084929 0.03340542 0.04206470 0.11719610 0.06413477 0.09701593 0.10429976 0.07136992 0.04057606
[820] 0.04188593 0.05729929 0.11010300 0.09268199 0.06351287 0.03695583 0.10087826 0.04859738 0.05089771
[829] 0.04837027 0.05117055 0.04584597 0.04987488 0.07898126 0.15598530 0.09695166 0.06814153 0.09147283
[838] 0.07323720 0.07456051 0.06649204 0.07326349 0.05780065 0.05110430 0.04185830 0.05989844 0.08345541
[847] 0.04591339 0.06121937 0.14238140 0.05226670 0.09306760 0.07618821 0.13008299 0.03900442 0.05342896
[856] 0.14721166 0.05107075 0.05673981 0.07342558 0.06469396 0.05317044 0.05923998 0.06851657 0.11830446
[865] 0.05162201 0.06084411 0.07527797 0.08437656 0.09578194 0.04726033 0.05439831 0.05008675 0.07841553
[874] 0.06646161 0.06487197 0.04539466 0.05164487 0.07069464 0.05941216 0.05517284 0.08749478 0.17334387
[883] 0.09781584 0.04254444 0.04120367 0.06424406 0.13837198 0.08887770 0.04458896 0.08634533 0.04466008
[892] 0.03155744 0.04627033 0.06592017 0.07291312 0.08299053 0.13142917 0.05142975 0.05888883 0.06167888
[901] 0.04801828 0.05906613 0.09742135 0.09373974 0.03975986 0.06364088 0.12538438 0.08669282 0.04949064
[910] 0.07601255 0.09857103 0.09100952 0.05331369 0.15624609 0.07005562 0.08341660 0.06033024 0.04562194
[919] 0.13773406 0.06824076 0.05048590 0.05763859 0.05300367 0.05939563 0.07655386 0.05605707 0.08700048
[928] 0.13572597 0.15497803 0.14683391 0.07875543 0.08372165 0.08402914 0.11044641 0.06814606 0.05236508
[937] 0.06244587 0.05143263 0.13208919 0.06852867 0.05752644 0.06002608 0.11712069 0.07137665 0.05543078
[946] 0.05167949 0.04058556 0.06263763 0.07130804 0.06130821 0.10765834 0.04916311 0.11194420 0.05907834
[955] 0.07208513 0.06749732 0.05455412 0.09945124 0.06053857 0.07460703 0.05324939 0.04705266 0.05380664
[964] 0.05362355 0.05658334 0.04941981 0.09901505 0.10608356 0.05222325 0.11279128 0.05669591 0.05973798
[973] 0.05587436 0.04417848 0.05968025 0.05796993 0.05980082 0.05939389 0.06330473 0.08149272 0.08954210
[982] 0.06004433 0.05135264 0.06470006 0.05320923 0.04657114 0.06838854 0.05249998 0.07537368 0.05415589
[991] 0.05359571 0.13032702 0.07650153 0.11333169 0.04930980 0.06642855 0.05021385 0.07538230 0.06041867

$sig
  env 
0.031 

attr(,"class")
[1] "palaeoSig"
