Cross-validating:
  |                                                                                                             |                                                                                                     |   0%  |                                                                                                             |=                                                                                                    |   1%  |                                                                                                             |==                                                                                                   |   2%  |                                                                                                             |===                                                                                                  |   3%  |                                                                                                             |====                                                                                                 |   4%  |                                                                                                             |=====                                                                                                |   5%  |                                                                                                             |======                                                                                               |   6%  |                                                                                                             |=======                                                                                              |   7%  |                                                                                                             |========                                                                                             |   8%  |                                                                                                             |=========                                                                                            |   9%  |                                                                                                             |==========                                                                                           |  10%  |                                                                                                             |===========                                                                                          |  11%  |                                                                                                             |============                                                                                         |  12%  |                                                                                                             |=============                                                                                        |  13%  |                                                                                                             |==============                                                                                       |  14%  |                                                                                                             |===============                                                                                      |  15%  |                                                                                                             |================                                                                                     |  16%  |                                                                                                             |=================                                                                                    |  17%  |                                                                                                             |==================                                                                                   |  18%  |                                                                                                             |===================                                                                                  |  19%  |                                                                                                             |====================                                                                                 |  20%  |                                                                                                             |=====================                                                                                |  21%  |                                                                                                             |======================                                                                               |  22%  |                                                                                                             |=======================                                                                              |  23%  |                                                                                                             |========================                                                                             |  24%  |                                                                                                             |=========================                                                                            |  25%  |                                                                                                             |==========================                                                                           |  26%  |                                                                                                             |===========================                                                                          |  27%  |                                                                                                             |============================                                                                         |  28%  |                                                                                                             |=============================                                                                        |  29%  |                                                                                                             |==============================                                                                       |  30%  |                                                                                                             |===============================                                                                      |  31%  |                                                                                                             |================================                                                                     |  32%  |                                                                                                             |=================================                                                                    |  33%  |                                                                                                             |==================================                                                                   |  34%  |                                                                                                             |===================================                                                                  |  35%  |                                                                                                             |====================================                                                                 |  36%  |                                                                                                             |=====================================                                                                |  37%  |                                                                                                             |======================================                                                               |  38%  |                                                                                                             |=======================================                                                              |  39%  |                                                                                                             |========================================                                                             |  40%  |                                                                                                             |=========================================                                                            |  41%  |                                                                                                             |==========================================                                                           |  42%  |                                                                                                             |===========================================                                                          |  43%  |                                                                                                             |============================================                                                         |  44%  |                                                                                                             |=============================================                                                        |  45%  |                                                                                                             |==============================================                                                       |  46%  |                                                                                                             |===============================================                                                      |  47%  |                                                                                                             |================================================                                                     |  48%  |                                                                                                             |=================================================                                                    |  49%  |                                                                                                             |==================================================                                                   |  50%  |                                                                                                             |====================================================                                                 |  51%  |                                                                                                             |=====================================================                                                |  52%  |                                                                                                             |======================================================                                               |  53%  |                                                                                                             |=======================================================                                              |  54%  |                                                                                                             |========================================================                                             |  55%  |                                                                                                             |=========================================================                                            |  56%  |                                                                                                             |==========================================================                                           |  57%  |                                                                                                             |===========================================================                                          |  58%  |                                                                                                             |============================================================                                         |  59%  |                                                                                                             |=============================================================                                        |  60%  |                                                                                                             |==============================================================                                       |  61%  |                                                                                                             |===============================================================                                      |  62%  |                                                                                                             |================================================================                                     |  63%  |                                                                                                             |=================================================================                                    |  64%  |                                                                                                             |==================================================================                                   |  65%  |                                                                                                             |===================================================================                                  |  66%  |                                                                                                             |====================================================================                                 |  67%  |                                                                                                             |=====================================================================                                |  68%  |                                                                                                             |======================================================================                               |  69%  |                                                                                                             |=======================================================================                              |  70%  |                                                                                                             |========================================================================                             |  71%  |                                                                                                             |=========================================================================                            |  72%  |                                                                                                             |==========================================================================                           |  73%  |                                                                                                             |===========================================================================                          |  74%  |                                                                                                             |============================================================================                         |  75%  |                                                                                                             |=============================================================================                        |  76%  |                                                                                                             |==============================================================================                       |  77%  |                                                                                                             |===============================================================================                      |  78%  |                                                                                                             |================================================================================                     |  79%  |                                                                                                             |=================================================================================                    |  80%  |                                                                                                             |==================================================================================                   |  81%  |                                                                                                             |===================================================================================                  |  82%  |                                                                                                             |====================================================================================                 |  83%  |                                                                                                             |=====================================================================================                |  84%  |                                                                                                             |======================================================================================               |  85%  |                                                                                                             |=======================================================================================              |  86%  |                                                                                                             |========================================================================================             |  87%  |                                                                                                             |=========================================================================================            |  88%  |                                                                                                             |==========================================================================================           |  89%  |                                                                                                             |===========================================================================================          |  90%  |                                                                                                             |============================================================================================         |  91%  |                                                                                                             |=============================================================================================        |  92%  |                                                                                                             |==============================================================================================       |  93%  |                                                                                                             |===============================================================================================      |  94%  |                                                                                                             |================================================================================================     |  95%  |                                                                                                             |=================================================================================================    |  96%  |                                                                                                             |==================================================================================================   |  97%  |                                                                                                             |===================================================================================================  |  98%  |                                                                                                             |==================================================================================================== |  99%  |                                                                                                             |=====================================================================================================| 100%

Method : Weighted Averaging Partial Least Squares
Call   : WAPLS(y = modern_wapls, x = parameter, npls = 3, iswapls = T,  

     standx = F, lean = F, check.data = T) 

No. samples        : 173 
No. species        : 48 
No. components     : 3 
Cross val.         : bootstrap : no. boot cycles =  100 


Performance:
               RMSE      R2  Avg.Bias  Max.Bias    Skill
Comp01       1.8284  0.4942   -0.1105    2.6515  47.6329
Comp02       1.5718  0.6271   -0.1569    2.3058  61.2976
Comp03       1.4959  0.6598   -0.1316    2.2939  64.9447
Comp01_XVal  1.9068  0.4681   -0.1111    2.7400  44.6546
Comp02_XVal  1.7376  0.5812   -0.1727    2.3710  55.4497
Comp03_XVal  1.7674  0.5887   -0.1197    2.3497  55.4300

$PCA
Call: rda(X = fos)

              Inertia Rank
Total              58     
Unconstrained      58   32
Inertia is variance 

Eigenvalues for unconstrained axes:
   PC1    PC2    PC3    PC4    PC5    PC6    PC7    PC8 
16.986 10.980  9.515  7.327  3.422  2.151  1.618  1.536 
(Showing 8 of 32 unconstrained eigenvalues)


$preds
$preds$env
       2        6       10       14       18       22       30       34       38       42       46       50 
14.84032 14.22162 13.86907 13.99357 13.86778 17.82734 14.91616 13.45980 15.84027 15.63576 14.62818 15.02998 
      54       58       62       66       70       74       78       82       86       90       94       98 
 9.78439 15.31862 14.64418 14.34956 13.55119 14.47838 15.36465 15.30288 16.31136 15.18973 15.06604 14.82101 
     102      106      110      114      118      122      126      130      134      138      142      146 
13.94890 14.04336 14.94388 14.78150 14.87598 15.00932 14.90289 15.73447 15.79975 15.29629 14.62707 15.20974 
     150      154      158      162      166      170      174      178      182      186      190      194 
15.48516 14.50800 15.45489 15.40096 14.35579 13.82731 15.01414 14.66372 16.08786 15.43522 15.15577 13.94866 
     198      202      206      210      214 
15.22495 16.47379 15.26078 14.87604 15.36970 


$MAX
      PC1 
0.2928665 

$EX
      env 
0.0650626 

$eig1
      env 
0.2914947 

$sim.ex
  [1] 0.04531886 0.06839405 0.05904132 0.10578296 0.04527231 0.04608320 0.07618005 0.04591635 0.06172739
 [10] 0.10632517 0.13791099 0.13406886 0.04153804 0.05622742 0.04822341 0.05504518 0.03860708 0.04675712
 [19] 0.07233606 0.16894591 0.05545306 0.06001901 0.13964516 0.14821469 0.05116525 0.04898590 0.05199270
 [28] 0.04864632 0.05221710 0.08058731 0.15047629 0.04855038 0.04302791 0.07933103 0.16925323 0.06811432
 [37] 0.06784634 0.06609720 0.04878143 0.05345439 0.14192119 0.06887966 0.05733250 0.05964348 0.09735072
 [46] 0.09043597 0.07237835 0.07402724 0.09454919 0.12026625 0.04107522 0.10612939 0.07800904 0.09293475
 [55] 0.14344113 0.05686708 0.04344454 0.03962131 0.11647755 0.10371113 0.08112108 0.05344530 0.04732038
 [64] 0.07605802 0.06703439 0.04495354 0.05274454 0.04314436 0.05907697 0.05625843 0.16446416 0.04759328
 [73] 0.07076649 0.05680645 0.04582530 0.07044610 0.10040229 0.03836900 0.13600799 0.04193357 0.05816552
 [82] 0.06452630 0.05439728 0.05869282 0.11036451 0.04523399 0.04719552 0.04459668 0.04073718 0.04573627
 [91] 0.07153478 0.18766306 0.04884796 0.07119571 0.06260299 0.06720182 0.10849638 0.05442027 0.05882834
[100] 0.06501175 0.04007501 0.06084483 0.03740618 0.07333697 0.02572254 0.04727531 0.07588734 0.03848764
[109] 0.04550554 0.07632862 0.06136306 0.05608513 0.08806178 0.04478033 0.06323553 0.03540640 0.04617194
[118] 0.05558796 0.08053925 0.05355983 0.05162729 0.08263690 0.06675078 0.15693762 0.06324009 0.09770855
[127] 0.04536289 0.05407533 0.05868608 0.07930727 0.06257630 0.18210935 0.06609700 0.12550881 0.09747404
[136] 0.04409568 0.07032396 0.04859725 0.12834227 0.05972301 0.02627711 0.08471391 0.09772470 0.07161739
[145] 0.07106140 0.07212142 0.04929416 0.04913878 0.05581490 0.04477627 0.05998034 0.05772901 0.04980394
[154] 0.06037688 0.08229578 0.04163351 0.05038050 0.04912041 0.06027325 0.12062149 0.05866426 0.04525546
[163] 0.04316856 0.05126303 0.05111570 0.04227314 0.06919915 0.04283238 0.06841860 0.04380504 0.04409762
[172] 0.11688625 0.13781602 0.04762638 0.04391815 0.05049937 0.07915206 0.04454773 0.06030208 0.06570336
[181] 0.04724005 0.08096209 0.03830714 0.05379866 0.04958403 0.13174270 0.04593985 0.04814028 0.14851366
[190] 0.12452980 0.03958815 0.06456797 0.08091245 0.09584976 0.06320073 0.06001654 0.04956456 0.06225596
[199] 0.04816523 0.06776676 0.04352430 0.05587612 0.10262718 0.08510571 0.06448356 0.05781480 0.05408543
[208] 0.05578204 0.06548821 0.04573280 0.06112743 0.04254174 0.06543644 0.09919329 0.05967432 0.05831806
[217] 0.04189008 0.06659992 0.06548638 0.08825035 0.09998239 0.12801010 0.05312697 0.05088310 0.04069299
[226] 0.06458656 0.07896181 0.05240371 0.04666718 0.05689469 0.10135522 0.08166253 0.05136925 0.06901594
[235] 0.05487541 0.08037473 0.04730495 0.05317040 0.04581905 0.08565846 0.07070331 0.05012275 0.05529760
[244] 0.06512995 0.05457945 0.04530068 0.05978833 0.05537063 0.04264965 0.03847676 0.06995916 0.04186694
[253] 0.04535692 0.03915940 0.05036708 0.07570877 0.06085098 0.06937787 0.11519695 0.08690258 0.06288954
[262] 0.05231659 0.04751430 0.09359471 0.14971889 0.11129843 0.07165214 0.06737383 0.06314369 0.14878963
[271] 0.07460969 0.05654357 0.11342016 0.09956495 0.09375672 0.05944279 0.04832626 0.07940969 0.13961971
[280] 0.06181852 0.06440998 0.09611233 0.05894242 0.10734098 0.04972073 0.12500134 0.03661129 0.05196902
[289] 0.07739787 0.04666918 0.06510695 0.05143605 0.05020015 0.04338608 0.05212868 0.05311562 0.05390846
[298] 0.07382099 0.04845785 0.07641672 0.06374572 0.07203530 0.05889488 0.05714909 0.05083573 0.07567823
[307] 0.10337796 0.04689039 0.04652432 0.09922769 0.08756506 0.05174641 0.05131110 0.16159012 0.15263895
[316] 0.09027536 0.11086652 0.05332370 0.04726004 0.05542274 0.06340413 0.13272332 0.04373013 0.08921637
[325] 0.04305413 0.03998598 0.05798907 0.05806302 0.04284782 0.06286578 0.12740160 0.06421086 0.04689958
[334] 0.08166926 0.05721795 0.08608966 0.06888300 0.06135653 0.05323497 0.05138795 0.04956076 0.05372933
[343] 0.06517212 0.08845084 0.04954901 0.06560764 0.11685347 0.07447452 0.03480490 0.12743996 0.05034661
[352] 0.07677318 0.05007517 0.08863422 0.08245632 0.07898741 0.05931209 0.08317963 0.06090920 0.04430496
[361] 0.06797860 0.05635456 0.05706722 0.05055120 0.08646659 0.06951863 0.06864501 0.05862687 0.06139300
[370] 0.04783462 0.08455584 0.06674528 0.10592537 0.16161461 0.03661929 0.04465533 0.04023258 0.06136799
[379] 0.13597047 0.06199692 0.03702783 0.06909078 0.03852885 0.07628213 0.10015426 0.05509394 0.04808481
[388] 0.04896287 0.05427617 0.05798235 0.15222840 0.09123279 0.04864268 0.11325372 0.08268599 0.05394449
[397] 0.15278850 0.03715099 0.05579973 0.10098480 0.12912312 0.05800774 0.04767677 0.06895305 0.15973043
[406] 0.06539872 0.07841650 0.07697523 0.06408945 0.08628058 0.07232758 0.06053447 0.17239436 0.06973785
[415] 0.03045241 0.04405841 0.11151533 0.04545061 0.09413249 0.05230122 0.05813697 0.04636285 0.06057973
[424] 0.05483145 0.09830156 0.05738132 0.07594736 0.03826518 0.09470390 0.04360450 0.07314057 0.05471235
[433] 0.04694658 0.04976014 0.04766136 0.07843913 0.06028962 0.06394403 0.09545606 0.05598164 0.08364734
[442] 0.06914040 0.06408072 0.13711414 0.07209346 0.06089755 0.04655805 0.04922322 0.08459264 0.04593814
[451] 0.08757658 0.04962934 0.07292645 0.05743638 0.06025593 0.04668462 0.08198272 0.06823664 0.03817156
[460] 0.05106737 0.06182625 0.05104294 0.05369163 0.07965433 0.11109865 0.05858481 0.04772472 0.08489771
[469] 0.05534969 0.05530432 0.06455090 0.09290833 0.05826038 0.07467114 0.06776923 0.08590242 0.07744028
[478] 0.07040386 0.04185707 0.06926072 0.04596205 0.05003631 0.04184837 0.04251354 0.04900074 0.05064524
[487] 0.05560268 0.05293212 0.04837972 0.04992813 0.05459106 0.04145288 0.11003786 0.08001995 0.10707514
[496] 0.03464536 0.15175684 0.05648572 0.08385217 0.06450873 0.07923277 0.13454049 0.05298158 0.05541044
[505] 0.03445737 0.04495633 0.04846214 0.10564732 0.06603266 0.07444859 0.07948393 0.05974611 0.04216874
[514] 0.07424751 0.05167042 0.04490920 0.13092428 0.05236447 0.06981834 0.06866457 0.10772127 0.05794541
[523] 0.05623228 0.06814272 0.05740187 0.04424633 0.06116519 0.02645709 0.04289666 0.07616525 0.10187192
[532] 0.05496397 0.05722107 0.05204223 0.07534626 0.13357473 0.03017445 0.06575689 0.05619807 0.06958178
[541] 0.08043677 0.04452269 0.06020163 0.07705095 0.16336866 0.05251014 0.05845359 0.04853179 0.04809924
[550] 0.05212533 0.07725680 0.09409426 0.05174769 0.08737083 0.05526792 0.09111338 0.07563081 0.07366212
[559] 0.12383663 0.03431880 0.08029756 0.11229449 0.04742475 0.05727550 0.10935051 0.05291402 0.04835078
[568] 0.07014608 0.05456884 0.10942175 0.04551819 0.05299617 0.06370470 0.12600486 0.05390694 0.04729812
[577] 0.04764146 0.07963450 0.07675338 0.08256814 0.06969931 0.04811701 0.05872017 0.09832659 0.05058887
[586] 0.04273884 0.11381275 0.05742684 0.05494769 0.07540201 0.05909553 0.05961323 0.06868236 0.14319643
[595] 0.05307409 0.07096074 0.04099392 0.08999980 0.05126830 0.07935215 0.04972754 0.05497959 0.07260740
[604] 0.03953716 0.05297029 0.07225195 0.07847194 0.12209723 0.06207320 0.05304207 0.06585386 0.04108129
[613] 0.04942517 0.10870733 0.05240786 0.04192944 0.08873882 0.05033428 0.06521942 0.04959290 0.09027451
[622] 0.05216034 0.06043328 0.05567399 0.10717435 0.10756790 0.04860720 0.08689581 0.07827687 0.09956012
[631] 0.07212608 0.13142725 0.09375977 0.05195912 0.06035344 0.05604798 0.12220788 0.05204441 0.09101162
[640] 0.04899211 0.06466225 0.06563681 0.05464666 0.05319011 0.05629765 0.04901433 0.05658138 0.04910216
[649] 0.05860777 0.05828082 0.05119897 0.05064138 0.07541201 0.05978312 0.12376143 0.05206862 0.05162405
[658] 0.10340787 0.10880953 0.12681101 0.05394545 0.06730302 0.08869370 0.03641211 0.05797417 0.03536579
[667] 0.05771849 0.09348153 0.07486985 0.06531638 0.07892767 0.04788151 0.06710180 0.11219443 0.05370299
[676] 0.07736432 0.04537913 0.05370117 0.02695794 0.05131797 0.10084525 0.10044111 0.04796579 0.08092350
[685] 0.04784164 0.05669066 0.05908692 0.17162008 0.04766018 0.04266702 0.10928516 0.06208367 0.06311781
[694] 0.05819275 0.05556553 0.08407639 0.12455718 0.04992361 0.06250829 0.07251262 0.10237445 0.05210712
[703] 0.06811363 0.04491530 0.04583679 0.04885770 0.09641548 0.04397710 0.06087188 0.10159094 0.05779537
[712] 0.06764251 0.05870882 0.03953848 0.04805166 0.06218246 0.04969814 0.05281717 0.08944701 0.10059209
[721] 0.05823429 0.07297954 0.05485071 0.05816526 0.07169607 0.11115452 0.10884757 0.06124885 0.04703382
[730] 0.05283372 0.05210453 0.04488405 0.05354704 0.06449257 0.12938376 0.05929872 0.04088115 0.04131724
[739] 0.05428321 0.04808250 0.09472634 0.05600596 0.06127029 0.04205533 0.09781178 0.08128768 0.06186157
[748] 0.04347760 0.04208494 0.08134696 0.05670592 0.05511687 0.12793324 0.07123027 0.06767502 0.06652109
[757] 0.12074542 0.08586223 0.15414848 0.08038927 0.03714102 0.08030422 0.08914073 0.04603540 0.08191326
[766] 0.08283572 0.04829934 0.06752608 0.09315623 0.07308479 0.10307539 0.05358564 0.05865710 0.04359684
[775] 0.04174870 0.05653878 0.04926464 0.06637125 0.12704586 0.16959208 0.04093552 0.04795906 0.08333264
[784] 0.06893752 0.06269072 0.05966346 0.04578399 0.04728272 0.05114099 0.05206648 0.05590970 0.07204471
[793] 0.09246792 0.05843341 0.04908439 0.06031509 0.08810753 0.07863630 0.13216489 0.10981008 0.06495040
[802] 0.07591710 0.04743732 0.06825956 0.05166511 0.05750004 0.14597544 0.08895104 0.07982658 0.05553253
[811] 0.11470104 0.04542800 0.05036022 0.16248822 0.04326036 0.06821252 0.04335975 0.09694864 0.05498962
[820] 0.05985962 0.07477162 0.06378752 0.04152583 0.07641450 0.07724546 0.05725196 0.06071296 0.03996643
[829] 0.05143611 0.13161453 0.14772944 0.09582554 0.07140906 0.05980919 0.06038948 0.09557293 0.06380481
[838] 0.06097419 0.04633659 0.05879563 0.10222685 0.09588116 0.04312984 0.04994366 0.07300343 0.06955678
[847] 0.04050004 0.05849466 0.06731087 0.08754364 0.07634581 0.08730168 0.05763778 0.04537468 0.03720674
[856] 0.05615516 0.05302642 0.13765204 0.10199559 0.08522884 0.08291805 0.04450070 0.10048846 0.07254342
[865] 0.07832039 0.03847796 0.04768960 0.04580563 0.07865050 0.08405288 0.05236333 0.05141660 0.08841055
[874] 0.03486010 0.06880442 0.05306666 0.04750184 0.06726926 0.06881352 0.08073075 0.04798056 0.05220924
[883] 0.05518030 0.06801881 0.04403405 0.05068307 0.05895168 0.08620954 0.04989399 0.04430172 0.02962070
[892] 0.07553855 0.11873772 0.05608867 0.07742934 0.06018522 0.05148426 0.10470881 0.04463191 0.06527092
[901] 0.06633322 0.04153026 0.06724990 0.05974871 0.10027317 0.07630492 0.05468493 0.04802387 0.07498835
[910] 0.06925539 0.06112612 0.05449520 0.04310129 0.04915953 0.15158543 0.05467238 0.06353870 0.04635608
[919] 0.14064075 0.14178000 0.11634301 0.04776764 0.04121491 0.03146313 0.12472101 0.04895175 0.11398315
[928] 0.05669454 0.05307738 0.04339383 0.09287646 0.04641122 0.06094870 0.05604511 0.05239327 0.06603471
[937] 0.06880720 0.04962336 0.08335269 0.07272536 0.04872190 0.12871576 0.04738477 0.06633451 0.05754968
[946] 0.05370324 0.09384613 0.05021889 0.05053350 0.05360188 0.06134750 0.04912227 0.04248041 0.05105622
[955] 0.05168232 0.10264653 0.08651334 0.09374003 0.06331031 0.06683474 0.04664879 0.08674236 0.05586732
[964] 0.05387040 0.04419583 0.03766088 0.04478524 0.13338705 0.06293646 0.08443902 0.13522248 0.05429558
[973] 0.04386698 0.05305069 0.03180522 0.06182931 0.04592952 0.06365292 0.05775958 0.05186047 0.06411165
[982] 0.04945660 0.04793063 0.11494191 0.04586494 0.05343295 0.08162830 0.04174631 0.05724056 0.03929031
[991] 0.04391143 0.04604674 0.05785844 0.04396905 0.04670915 0.03963105 0.06154856 0.12811097 0.08292416

$sig
  env 
0.419 

attr(,"class")
[1] "palaeoSig"
