Cross-validating:
  |                                                                                                             |                                                                                                     |   0%  |                                                                                                             |=                                                                                                    |   1%  |                                                                                                             |==                                                                                                   |   2%  |                                                                                                             |===                                                                                                  |   3%  |                                                                                                             |====                                                                                                 |   4%  |                                                                                                             |=====                                                                                                |   5%  |                                                                                                             |======                                                                                               |   6%  |                                                                                                             |=======                                                                                              |   7%  |                                                                                                             |========                                                                                             |   8%  |                                                                                                             |=========                                                                                            |   9%  |                                                                                                             |==========                                                                                           |  10%  |                                                                                                             |===========                                                                                          |  11%  |                                                                                                             |============                                                                                         |  12%  |                                                                                                             |=============                                                                                        |  13%  |                                                                                                             |==============                                                                                       |  14%  |                                                                                                             |===============                                                                                      |  15%  |                                                                                                             |================                                                                                     |  16%  |                                                                                                             |=================                                                                                    |  17%  |                                                                                                             |==================                                                                                   |  18%  |                                                                                                             |===================                                                                                  |  19%  |                                                                                                             |====================                                                                                 |  20%  |                                                                                                             |=====================                                                                                |  21%  |                                                                                                             |======================                                                                               |  22%  |                                                                                                             |=======================                                                                              |  23%  |                                                                                                             |========================                                                                             |  24%  |                                                                                                             |=========================                                                                            |  25%  |                                                                                                             |==========================                                                                           |  26%  |                                                                                                             |===========================                                                                          |  27%  |                                                                                                             |============================                                                                         |  28%  |                                                                                                             |=============================                                                                        |  29%  |                                                                                                             |==============================                                                                       |  30%  |                                                                                                             |===============================                                                                      |  31%  |                                                                                                             |================================                                                                     |  32%  |                                                                                                             |=================================                                                                    |  33%  |                                                                                                             |==================================                                                                   |  34%  |                                                                                                             |===================================                                                                  |  35%  |                                                                                                             |====================================                                                                 |  36%  |                                                                                                             |=====================================                                                                |  37%  |                                                                                                             |======================================                                                               |  38%  |                                                                                                             |=======================================                                                              |  39%  |                                                                                                             |========================================                                                             |  40%  |                                                                                                             |=========================================                                                            |  41%  |                                                                                                             |==========================================                                                           |  42%  |                                                                                                             |===========================================                                                          |  43%  |                                                                                                             |============================================                                                         |  44%  |                                                                                                             |=============================================                                                        |  45%  |                                                                                                             |==============================================                                                       |  46%  |                                                                                                             |===============================================                                                      |  47%  |                                                                                                             |================================================                                                     |  48%  |                                                                                                             |=================================================                                                    |  49%  |                                                                                                             |==================================================                                                   |  50%  |                                                                                                             |====================================================                                                 |  51%  |                                                                                                             |=====================================================                                                |  52%  |                                                                                                             |======================================================                                               |  53%  |                                                                                                             |=======================================================                                              |  54%  |                                                                                                             |========================================================                                             |  55%  |                                                                                                             |=========================================================                                            |  56%  |                                                                                                             |==========================================================                                           |  57%  |                                                                                                             |===========================================================                                          |  58%  |                                                                                                             |============================================================                                         |  59%  |                                                                                                             |=============================================================                                        |  60%  |                                                                                                             |==============================================================                                       |  61%  |                                                                                                             |===============================================================                                      |  62%  |                                                                                                             |================================================================                                     |  63%  |                                                                                                             |=================================================================                                    |  64%  |                                                                                                             |==================================================================                                   |  65%  |                                                                                                             |===================================================================                                  |  66%  |                                                                                                             |====================================================================                                 |  67%  |                                                                                                             |=====================================================================                                |  68%  |                                                                                                             |======================================================================                               |  69%  |                                                                                                             |=======================================================================                              |  70%  |                                                                                                             |========================================================================                             |  71%  |                                                                                                             |=========================================================================                            |  72%  |                                                                                                             |==========================================================================                           |  73%  |                                                                                                             |===========================================================================                          |  74%  |                                                                                                             |============================================================================                         |  75%  |                                                                                                             |=============================================================================                        |  76%  |                                                                                                             |==============================================================================                       |  77%  |                                                                                                             |===============================================================================                      |  78%  |                                                                                                             |================================================================================                     |  79%  |                                                                                                             |=================================================================================                    |  80%  |                                                                                                             |==================================================================================                   |  81%  |                                                                                                             |===================================================================================                  |  82%  |                                                                                                             |====================================================================================                 |  83%  |                                                                                                             |=====================================================================================                |  84%  |                                                                                                             |======================================================================================               |  85%  |                                                                                                             |=======================================================================================              |  86%  |                                                                                                             |========================================================================================             |  87%  |                                                                                                             |=========================================================================================            |  88%  |                                                                                                             |==========================================================================================           |  89%  |                                                                                                             |===========================================================================================          |  90%  |                                                                                                             |============================================================================================         |  91%  |                                                                                                             |=============================================================================================        |  92%  |                                                                                                             |==============================================================================================       |  93%  |                                                                                                             |===============================================================================================      |  94%  |                                                                                                             |================================================================================================     |  95%  |                                                                                                             |=================================================================================================    |  96%  |                                                                                                             |==================================================================================================   |  97%  |                                                                                                             |===================================================================================================  |  98%  |                                                                                                             |==================================================================================================== |  99%  |                                                                                                             |=====================================================================================================| 100%

Method : Weighted Averaging Partial Least Squares
Call   : WAPLS(y = modern_wapls, x = parameter, npls = 3, iswapls = T,  

     standx = F, lean = F, check.data = T) 

No. samples        : 173 
No. species        : 48 
No. components     : 3 
Cross val.         : bootstrap : no. boot cycles =  100 


Performance:
               RMSE      R2  Avg.Bias  Max.Bias    Skill
Comp01       3.4770  0.4348   -0.2232    5.9974  43.2449
Comp02       3.3477  0.4801   -0.3630    5.2319  47.3869
Comp03       3.1691  0.5342   -0.3314    4.9516  52.8521
Comp01_XVal  3.6829  0.3952   -0.3219    6.1851  38.9679
Comp02_XVal  3.6876  0.4116   -0.3802    5.9568  40.0300
Comp03_XVal  3.8524  0.4108   -0.3490    6.8305  38.3277

$PCA
Call: rda(X = fos)

              Inertia Rank
Total              58     
Unconstrained      58   32
Inertia is variance 

Eigenvalues for unconstrained axes:
   PC1    PC2    PC3    PC4    PC5    PC6    PC7    PC8 
16.986 10.980  9.515  7.327  3.422  2.151  1.618  1.536 
(Showing 8 of 32 unconstrained eigenvalues)


$preds
$preds$env
          2           6          10          14          18          22          30          34          38 
 0.52725720  0.31880119 -0.09593217  0.26055855  0.43460420  0.80610479  0.44641843  0.32319258  0.64729842 
         42          46          50          54          58          62          66          70          74 
 0.68337980  0.59070588  0.61067623  0.32265522  0.65630749  0.59956578  0.56521465  0.51348248  0.41006159 
         78          82          86          90          94          98         102         106         110 
 0.63075978  0.63703912  0.59120543  0.54975114  0.16043160  0.07899649  0.41240377  0.41219570  0.42609066 
        114         118         122         126         130         134         138         142         146 
 0.39615115  0.52953032  0.53774370  0.53505711  0.49458446  0.63959647  0.43454269  0.53394556  0.55737331 
        150         154         158         162         166         170         174         178         182 
 0.45582694  0.38825602  0.49321684  0.67640978  0.42234091  0.38452254  0.52248889  0.34400636  0.67058365 
        186         190         194         198         202         206         210         214 
 0.61550128  0.40548013  0.27802601  0.42795101  0.76246887  0.45135957  0.34407500  0.43034273 


$MAX
      PC1 
0.2928665 

$EX
       env 
0.07128529 

$eig1
      env 
0.2704219 

$sim.ex
  [1] 0.07428416 0.10558109 0.04689315 0.09856328 0.05145461 0.02661157 0.06059868 0.04911814 0.05555775
 [10] 0.04899018 0.08414558 0.05075050 0.08304263 0.07824157 0.05317413 0.05609164 0.13475421 0.06870832
 [19] 0.07729658 0.04804643 0.04640753 0.04917183 0.03646172 0.04285433 0.11660198 0.05472430 0.05768448
 [28] 0.04948254 0.08216634 0.04637020 0.14337370 0.15035172 0.04915224 0.08543704 0.04950736 0.08766341
 [37] 0.05630873 0.05769308 0.05373561 0.04876552 0.05862272 0.10339195 0.05483527 0.04498710 0.08646575
 [46] 0.08830576 0.07693989 0.04085973 0.05652530 0.06218367 0.08510980 0.04584925 0.04956767 0.05421306
 [55] 0.04412270 0.05937273 0.04801050 0.05076751 0.04925423 0.05655247 0.04468091 0.06572561 0.05467545
 [64] 0.03871893 0.06948928 0.06100523 0.03893406 0.11541998 0.05779907 0.07129814 0.08000464 0.10258411
 [73] 0.05804080 0.07955335 0.05363087 0.04545146 0.04444397 0.06220581 0.06942460 0.03992591 0.05568759
 [82] 0.11058330 0.06827796 0.08219862 0.06025130 0.11269756 0.06453143 0.05490688 0.06628932 0.15154847
 [91] 0.04076804 0.06595787 0.05721407 0.10078293 0.05368784 0.06976273 0.05638838 0.07629590 0.04363376
[100] 0.06409483 0.14857967 0.05178479 0.06745366 0.09451937 0.04353123 0.14816620 0.10486142 0.05049350
[109] 0.04120758 0.05019039 0.09611518 0.05162360 0.08567913 0.06211571 0.06853015 0.08336496 0.05805255
[118] 0.10872755 0.05596610 0.06630301 0.07661023 0.07655128 0.05413740 0.04440944 0.14709599 0.12814607
[127] 0.04773141 0.06895144 0.05554550 0.06228715 0.05174044 0.07447712 0.06816828 0.06373970 0.03934024
[136] 0.08398335 0.13605689 0.05372641 0.11154689 0.04531553 0.06567582 0.07607864 0.05701252 0.05296287
[145] 0.06140678 0.09796030 0.06401729 0.12245710 0.09917601 0.06423497 0.05991295 0.06148342 0.05661993
[154] 0.06436075 0.07474052 0.06049996 0.09154220 0.09043181 0.06682745 0.07279805 0.04459402 0.08921925
[163] 0.05993061 0.12361320 0.04966539 0.06418031 0.05995447 0.03247475 0.11664371 0.05023484 0.07367214
[172] 0.05551649 0.02766059 0.10733126 0.04821072 0.04977114 0.06032822 0.04207605 0.04957052 0.10661482
[181] 0.04873827 0.08520617 0.09630827 0.14995530 0.05534392 0.06225989 0.07076024 0.06068843 0.13520034
[190] 0.04107498 0.07325120 0.06067696 0.05441628 0.05186627 0.05466262 0.07558533 0.10496474 0.05612648
[199] 0.07276366 0.05138630 0.05129385 0.07402074 0.05865910 0.07172611 0.11979132 0.08883857 0.05564025
[208] 0.10926231 0.04443313 0.04366496 0.04446795 0.04800336 0.12838238 0.14574945 0.04564380 0.04293175
[217] 0.05895756 0.06012442 0.07732076 0.15532632 0.07221257 0.05161161 0.11328661 0.05737896 0.06724398
[226] 0.04803431 0.07515067 0.13126853 0.05417876 0.06877517 0.04777316 0.05812441 0.05573236 0.04923994
[235] 0.09988749 0.17204769 0.03932325 0.05439733 0.06433711 0.04034119 0.03771552 0.11040719 0.03948204
[244] 0.05808348 0.15045582 0.08279819 0.06446009 0.04603010 0.07532838 0.06568266 0.06760448 0.05450843
[253] 0.12750714 0.05828484 0.05780333 0.04203506 0.06431157 0.09703554 0.05468987 0.05835343 0.08434960
[262] 0.04959554 0.05002695 0.05605565 0.11634160 0.04825578 0.05821431 0.04768567 0.03534291 0.09025182
[271] 0.11708214 0.06789353 0.09731631 0.04963658 0.04370269 0.07400392 0.06033004 0.04758842 0.06952737
[280] 0.06776959 0.07244106 0.08273886 0.06389764 0.07488376 0.16479205 0.09271857 0.04980674 0.03880299
[289] 0.07421820 0.05734063 0.05981580 0.04604780 0.06281052 0.06724662 0.05433370 0.05475982 0.11010031
[298] 0.05327997 0.13864488 0.06122123 0.05152579 0.05487415 0.04718029 0.10740540 0.07570173 0.07333926
[307] 0.05362808 0.04824863 0.07995083 0.12336010 0.04486341 0.06626953 0.05535763 0.04691797 0.04255305
[316] 0.04649605 0.07630371 0.04519175 0.07235143 0.04824815 0.04988869 0.04627795 0.05863650 0.05081948
[325] 0.07723462 0.05577158 0.05855594 0.04706786 0.04464168 0.09621427 0.06926994 0.07805161 0.04704073
[334] 0.06880719 0.07927193 0.10640176 0.06385438 0.04900461 0.14899057 0.06201865 0.04326747 0.06285759
[343] 0.06122785 0.11671197 0.06142988 0.07509057 0.14432459 0.06049047 0.08578001 0.05963119 0.04418283
[352] 0.08766863 0.06547065 0.10748220 0.08142600 0.04428062 0.05461884 0.13685989 0.05233175 0.04960209
[361] 0.05146901 0.11336401 0.04870704 0.07488896 0.07792710 0.14936241 0.04526767 0.05072688 0.04764292
[370] 0.06147430 0.05232586 0.07119385 0.05041637 0.05243445 0.03736339 0.06118385 0.12668571 0.06279751
[379] 0.05298432 0.08996118 0.05687438 0.04530831 0.05142356 0.06020006 0.04557279 0.12616814 0.11213423
[388] 0.04898515 0.06768745 0.07097787 0.06643009 0.07669002 0.06554178 0.05698374 0.04133718 0.06163389
[397] 0.11671577 0.08011662 0.05230466 0.04681347 0.04411350 0.06346529 0.06284792 0.02676458 0.05546291
[406] 0.07075430 0.04887537 0.04585727 0.09294152 0.03840474 0.13224605 0.07241010 0.06252339 0.08340446
[415] 0.05557309 0.06875470 0.04456802 0.08157542 0.10445246 0.09347934 0.05133439 0.03483095 0.06812642
[424] 0.04281811 0.04831937 0.04294358 0.08881910 0.17822030 0.05525694 0.07915917 0.05956910 0.06279855
[433] 0.05778487 0.05148067 0.14187460 0.05950577 0.04393555 0.10324946 0.04817297 0.08923058 0.05056810
[442] 0.06957212 0.13140204 0.07715887 0.05705187 0.06765714 0.05697659 0.08112823 0.06364087 0.04757516
[451] 0.06339413 0.10164782 0.07548649 0.06674716 0.07062296 0.07924749 0.08160770 0.06625339 0.05423421
[460] 0.05814787 0.03939900 0.04939729 0.10795221 0.11159662 0.13474390 0.06926293 0.04402145 0.05131643
[469] 0.08216098 0.05040571 0.06722731 0.04736999 0.07876864 0.07474288 0.04480574 0.07662837 0.10184569
[478] 0.18318719 0.06645551 0.08404371 0.04060702 0.09422380 0.06439652 0.05032076 0.04297570 0.08225776
[487] 0.08020804 0.11182983 0.07668837 0.06365473 0.06333767 0.07331279 0.04697394 0.05230814 0.05862002
[496] 0.05526705 0.04454094 0.05277761 0.06875646 0.07048094 0.14534880 0.04136879 0.03993844 0.11010291
[505] 0.07206202 0.05114454 0.11557979 0.05751094 0.05840301 0.06894114 0.15437552 0.11364241 0.05179690
[514] 0.06672525 0.07138763 0.06786786 0.04486623 0.09735127 0.05199229 0.07387167 0.05206691 0.05616853
[523] 0.03231111 0.14778874 0.06198662 0.06496579 0.06256682 0.05711230 0.04344254 0.05639341 0.04511231
[532] 0.05332741 0.07234347 0.06025411 0.06257446 0.04612910 0.15379155 0.04129813 0.06662087 0.04675800
[541] 0.11546104 0.05153513 0.12990451 0.04186714 0.05208101 0.11536803 0.05282740 0.04407035 0.04885131
[550] 0.09492119 0.06439933 0.06114484 0.05286754 0.04513215 0.05368838 0.07230185 0.05664341 0.06508685
[559] 0.05500451 0.10463867 0.08821947 0.04974492 0.07888104 0.07478346 0.07176291 0.04517279 0.10982633
[568] 0.07738150 0.04308299 0.04501103 0.10014861 0.04647833 0.04785491 0.07894986 0.07270976 0.11493624
[577] 0.04958156 0.09350951 0.10870752 0.05041161 0.05456038 0.05371439 0.04216915 0.12633496 0.05577541
[586] 0.09176232 0.05721124 0.05805723 0.04600011 0.04725905 0.05121402 0.05749902 0.08366276 0.05520407
[595] 0.07909796 0.05914108 0.06555661 0.05235435 0.11322060 0.06780509 0.06155222 0.04717652 0.06755501
[604] 0.13029659 0.04995151 0.14814904 0.06083622 0.04254311 0.04878848 0.06308788 0.07441560 0.13210183
[613] 0.07761284 0.07134684 0.10862242 0.11963142 0.04990529 0.05583328 0.04663616 0.04466221 0.17214925
[622] 0.07555986 0.06533066 0.05532533 0.09395652 0.06638658 0.06587068 0.09636841 0.10928382 0.09251832
[631] 0.03782198 0.08961471 0.04041928 0.08477735 0.03700498 0.04540846 0.05392426 0.20650097 0.03607284
[640] 0.05778882 0.06914544 0.06711685 0.05718860 0.06114848 0.07532243 0.03308899 0.05441045 0.04418579
[649] 0.06252778 0.09654111 0.04728182 0.08414228 0.05331144 0.04825288 0.08962469 0.14204686 0.04225558
[658] 0.08319388 0.06603392 0.04292138 0.04238626 0.09114286 0.04791794 0.05651933 0.08310933 0.05449064
[667] 0.05445012 0.18074777 0.11898467 0.05989386 0.05413719 0.05840968 0.03400791 0.06792074 0.12866588
[676] 0.05147857 0.06445705 0.04447525 0.07265750 0.05917334 0.07159899 0.07070743 0.05256290 0.14185101
[685] 0.07081715 0.05302665 0.06873513 0.06975723 0.12965401 0.06917120 0.05206898 0.04681263 0.04405745
[694] 0.07112293 0.05960673 0.04594769 0.04760673 0.15537916 0.06722488 0.07679035 0.05192201 0.03959597
[703] 0.10380587 0.04088062 0.05408177 0.05828184 0.03307252 0.09426812 0.03566271 0.14029858 0.13826623
[712] 0.08070060 0.09547897 0.05605104 0.08153549 0.05275615 0.10658839 0.09796058 0.07296540 0.04918428
[721] 0.08398590 0.05555807 0.09203998 0.04972303 0.05627546 0.10271676 0.04784248 0.06101207 0.13472312
[730] 0.07330555 0.07692326 0.07268909 0.05435349 0.05333309 0.06230659 0.05532317 0.05986028 0.05211887
[739] 0.09114053 0.04537944 0.09577184 0.05427858 0.06402339 0.05434297 0.04695021 0.04883762 0.06047325
[748] 0.05416295 0.04823191 0.08338313 0.04678880 0.04084319 0.09101699 0.05943964 0.10028895 0.04922785
[757] 0.09215641 0.09022119 0.05095753 0.04827124 0.05413232 0.04288522 0.09308999 0.04823288 0.11196377
[766] 0.03150863 0.05112314 0.15330849 0.04457912 0.08484468 0.05539480 0.05060347 0.07140305 0.09507385
[775] 0.07811939 0.06650602 0.08283531 0.05137557 0.04614945 0.05083697 0.04207562 0.05240312 0.04652098
[784] 0.04445533 0.09501098 0.05111625 0.04009687 0.04858340 0.05882196 0.14205980 0.07815616 0.04638858
[793] 0.08256722 0.06351918 0.04136202 0.09785919 0.07037530 0.08583129 0.09677120 0.15450594 0.05912764
[802] 0.06381224 0.05243699 0.04857070 0.11655444 0.04124995 0.15568477 0.05062810 0.06656838 0.08412229
[811] 0.06125452 0.05178923 0.04362184 0.05709851 0.06035797 0.04910303 0.03611112 0.05120459 0.06664838
[820] 0.05416979 0.05210905 0.04984968 0.09148484 0.05776667 0.05978760 0.05343867 0.09928377 0.03954286
[829] 0.06357944 0.05257355 0.06760262 0.07872568 0.05468350 0.04647554 0.04196464 0.09356985 0.08928936
[838] 0.03903547 0.08835982 0.05354916 0.10857153 0.07155965 0.07501308 0.05035103 0.09739638 0.05737020
[847] 0.10694395 0.06520548 0.05834815 0.04840881 0.05324856 0.05480420 0.04207964 0.09660981 0.03864804
[856] 0.05355704 0.05496616 0.07496274 0.03595027 0.05754492 0.04580247 0.08124147 0.03597210 0.03479411
[865] 0.04730294 0.04194091 0.08453650 0.10961848 0.04863120 0.05605236 0.05229793 0.06028178 0.19467144
[874] 0.06469005 0.05998874 0.07568964 0.13793467 0.05671221 0.06061613 0.03924699 0.07163719 0.09326531
[883] 0.06082841 0.05996416 0.04716696 0.05746168 0.06850145 0.04125655 0.06292942 0.06242780 0.04617560
[892] 0.07869171 0.04657233 0.04431760 0.05692894 0.06003804 0.05684790 0.14621009 0.06091579 0.05367388
[901] 0.05136572 0.03856070 0.05848520 0.12438020 0.04236591 0.04592958 0.06650410 0.04074342 0.04706259
[910] 0.06485396 0.06720808 0.08303238 0.05970419 0.05046551 0.06948375 0.07132847 0.04949696 0.06990003
[919] 0.05548488 0.05443644 0.04983494 0.05246833 0.05420451 0.03906355 0.05533438 0.05583293 0.04581273
[928] 0.09031571 0.04675911 0.04916058 0.07957142 0.04257531 0.04484069 0.10707835 0.10533592 0.07910860
[937] 0.04070029 0.07484392 0.05694817 0.04812285 0.06639320 0.04434061 0.06197642 0.14366812 0.04286382
[946] 0.10205978 0.04984738 0.04604594 0.04570884 0.04025228 0.22252609 0.07321589 0.03925054 0.05511255
[955] 0.04177823 0.05969854 0.12205269 0.04198580 0.10133905 0.05169232 0.06079797 0.14615036 0.08002905
[964] 0.03461448 0.05001821 0.04175789 0.04119596 0.04692372 0.04617159 0.04430680 0.06297594 0.12645436
[973] 0.06124401 0.06110623 0.05235313 0.08014433 0.07726205 0.07191490 0.04053451 0.10518867 0.07231029
[982] 0.05142317 0.12111161 0.05093873 0.07092505 0.03934103 0.06694277 0.04522416 0.07952507 0.06951599
[991] 0.12737036 0.05388285 0.04582011 0.05275642 0.05800914 0.06062879 0.04045444 0.08486483 0.04812535

$sig
  env 
0.334 

attr(,"class")
[1] "palaeoSig"
