Cross-validating:
  |                                                                                                             |                                                                                                     |   0%  |                                                                                                             |=                                                                                                    |   1%  |                                                                                                             |==                                                                                                   |   2%  |                                                                                                             |===                                                                                                  |   3%  |                                                                                                             |====                                                                                                 |   4%  |                                                                                                             |=====                                                                                                |   5%  |                                                                                                             |======                                                                                               |   6%  |                                                                                                             |=======                                                                                              |   7%  |                                                                                                             |========                                                                                             |   8%  |                                                                                                             |=========                                                                                            |   9%  |                                                                                                             |==========                                                                                           |  10%  |                                                                                                             |===========                                                                                          |  11%  |                                                                                                             |============                                                                                         |  12%  |                                                                                                             |=============                                                                                        |  13%  |                                                                                                             |==============                                                                                       |  14%  |                                                                                                             |===============                                                                                      |  15%  |                                                                                                             |================                                                                                     |  16%  |                                                                                                             |=================                                                                                    |  17%  |                                                                                                             |==================                                                                                   |  18%  |                                                                                                             |===================                                                                                  |  19%  |                                                                                                             |====================                                                                                 |  20%  |                                                                                                             |=====================                                                                                |  21%  |                                                                                                             |======================                                                                               |  22%  |                                                                                                             |=======================                                                                              |  23%  |                                                                                                             |========================                                                                             |  24%  |                                                                                                             |=========================                                                                            |  25%  |                                                                                                             |==========================                                                                           |  26%  |                                                                                                             |===========================                                                                          |  27%  |                                                                                                             |============================                                                                         |  28%  |                                                                                                             |=============================                                                                        |  29%  |                                                                                                             |==============================                                                                       |  30%  |                                                                                                             |===============================                                                                      |  31%  |                                                                                                             |================================                                                                     |  32%  |                                                                                                             |=================================                                                                    |  33%  |                                                                                                             |==================================                                                                   |  34%  |                                                                                                             |===================================                                                                  |  35%  |                                                                                                             |====================================                                                                 |  36%  |                                                                                                             |=====================================                                                                |  37%  |                                                                                                             |======================================                                                               |  38%  |                                                                                                             |=======================================                                                              |  39%  |                                                                                                             |========================================                                                             |  40%  |                                                                                                             |=========================================                                                            |  41%  |                                                                                                             |==========================================                                                           |  42%  |                                                                                                             |===========================================                                                          |  43%  |                                                                                                             |============================================                                                         |  44%  |                                                                                                             |=============================================                                                        |  45%  |                                                                                                             |==============================================                                                       |  46%  |                                                                                                             |===============================================                                                      |  47%  |                                                                                                             |================================================                                                     |  48%  |                                                                                                             |=================================================                                                    |  49%  |                                                                                                             |==================================================                                                   |  50%  |                                                                                                             |====================================================                                                 |  51%  |                                                                                                             |=====================================================                                                |  52%  |                                                                                                             |======================================================                                               |  53%  |                                                                                                             |=======================================================                                              |  54%  |                                                                                                             |========================================================                                             |  55%  |                                                                                                             |=========================================================                                            |  56%  |                                                                                                             |==========================================================                                           |  57%  |                                                                                                             |===========================================================                                          |  58%  |                                                                                                             |============================================================                                         |  59%  |                                                                                                             |=============================================================                                        |  60%  |                                                                                                             |==============================================================                                       |  61%  |                                                                                                             |===============================================================                                      |  62%  |                                                                                                             |================================================================                                     |  63%  |                                                                                                             |=================================================================                                    |  64%  |                                                                                                             |==================================================================                                   |  65%  |                                                                                                             |===================================================================                                  |  66%  |                                                                                                             |====================================================================                                 |  67%  |                                                                                                             |=====================================================================                                |  68%  |                                                                                                             |======================================================================                               |  69%  |                                                                                                             |=======================================================================                              |  70%  |                                                                                                             |========================================================================                             |  71%  |                                                                                                             |=========================================================================                            |  72%  |                                                                                                             |==========================================================================                           |  73%  |                                                                                                             |===========================================================================                          |  74%  |                                                                                                             |============================================================================                         |  75%  |                                                                                                             |=============================================================================                        |  76%  |                                                                                                             |==============================================================================                       |  77%  |                                                                                                             |===============================================================================                      |  78%  |                                                                                                             |================================================================================                     |  79%  |                                                                                                             |=================================================================================                    |  80%  |                                                                                                             |==================================================================================                   |  81%  |                                                                                                             |===================================================================================                  |  82%  |                                                                                                             |====================================================================================                 |  83%  |                                                                                                             |=====================================================================================                |  84%  |                                                                                                             |======================================================================================               |  85%  |                                                                                                             |=======================================================================================              |  86%  |                                                                                                             |========================================================================================             |  87%  |                                                                                                             |=========================================================================================            |  88%  |                                                                                                             |==========================================================================================           |  89%  |                                                                                                             |===========================================================================================          |  90%  |                                                                                                             |============================================================================================         |  91%  |                                                                                                             |=============================================================================================        |  92%  |                                                                                                             |==============================================================================================       |  93%  |                                                                                                             |===============================================================================================      |  94%  |                                                                                                             |================================================================================================     |  95%  |                                                                                                             |=================================================================================================    |  96%  |                                                                                                             |==================================================================================================   |  97%  |                                                                                                             |===================================================================================================  |  98%  |                                                                                                             |==================================================================================================== |  99%  |                                                                                                             |=====================================================================================================| 100%

Method : Weighted Averaging Partial Least Squares
Call   : WAPLS(y = modern_wapls, x = parameter, npls = 3, iswapls = T,  

     standx = F, lean = F, check.data = T) 

No. samples        : 173 
No. species        : 48 
No. components     : 3 
Cross val.         : bootstrap : no. boot cycles =  100 


Performance:
               RMSE      R2  Avg.Bias  Max.Bias    Skill
Comp01       1.5949  0.6427    0.0183    5.3511  64.1052
Comp02       1.1887  0.8008    0.0372    4.0410  80.0612
Comp03       1.1510  0.8133    0.0309    3.3653  81.3060
Comp01_XVal  1.6999  0.6105    0.0570    5.5743  60.9436
Comp02_XVal  1.4838  0.7251    0.0352    4.9034  72.2701
Comp03_XVal  1.4721  0.7315    0.0425    4.4383  72.8152

$PCA
Call: rda(X = fos)

              Inertia Rank
Total              58     
Unconstrained      58   32
Inertia is variance 

Eigenvalues for unconstrained axes:
   PC1    PC2    PC3    PC4    PC5    PC6    PC7    PC8 
16.986 10.980  9.515  7.327  3.422  2.151  1.618  1.536 
(Showing 8 of 32 unconstrained eigenvalues)


$preds
$preds$env
        2         6        10        14        18        22        30        34        38        42        46 
-31.56193 -30.01352 -26.90742 -30.70400 -29.96595 -37.18381 -29.08932 -30.19665 -31.79890 -33.39858 -32.02000 
       50        54        58        62        66        70        74        78        82        86        90 
-32.96714 -30.96887 -32.70346 -30.66658 -32.48862 -31.61342 -30.69210 -32.80129 -31.03839 -31.24384 -31.76048 
       94        98       102       106       110       114       118       122       126       130       134 
-29.28341 -28.19062 -30.83052 -30.95215 -30.64653 -29.65314 -30.20115 -30.43118 -30.63431 -28.95208 -29.75018 
      138       142       146       150       154       158       162       166       170       174       178 
-29.96501 -29.94206 -30.86928 -29.68821 -28.99495 -29.11429 -30.62657 -28.42221 -29.91333 -29.54669 -28.81756 
      182       186       190       194       198       202       206       210       214 
-30.33900 -30.23825 -29.58478 -27.85644 -29.11571 -29.72283 -29.12951 -27.79656 -29.01663 


$MAX
      PC1 
0.2928665 

$EX
     env 
0.179079 

$eig1
      env 
0.2280039 

$sim.ex
  [1] 0.02998870 0.05937558 0.09451441 0.11382752 0.12595152 0.15059685 0.17269008 0.16823246 0.06507388
 [10] 0.12901146 0.13272897 0.04234269 0.04845642 0.12611624 0.05793357 0.08428614 0.04822902 0.08149966
 [19] 0.10895040 0.11550248 0.07620674 0.03351454 0.14666646 0.10523466 0.12483358 0.05797954 0.03803297
 [28] 0.05026727 0.04603168 0.10245938 0.05929503 0.08217528 0.09105775 0.15874767 0.12572959 0.07813965
 [37] 0.10864635 0.08643208 0.06476127 0.16680575 0.04347872 0.09507834 0.08282340 0.06837106 0.04213603
 [46] 0.10849535 0.07962233 0.04728671 0.07970171 0.07999592 0.16203406 0.09079360 0.05596598 0.06227958
 [55] 0.05049090 0.07096060 0.06021149 0.07890994 0.10609607 0.10628315 0.09768203 0.08625777 0.04544456
 [64] 0.10881389 0.06233732 0.07866178 0.18911161 0.08027733 0.05693829 0.08664933 0.15238185 0.05612206
 [73] 0.06121009 0.11265275 0.07835807 0.10048761 0.05999095 0.06211029 0.15814037 0.06988439 0.06043729
 [82] 0.09033984 0.14729582 0.06062298 0.11867502 0.06206001 0.11535704 0.11023696 0.04615171 0.05303498
 [91] 0.04669239 0.05358945 0.08653015 0.08094694 0.13123243 0.12463718 0.14465151 0.05584520 0.11583755
[100] 0.08713063 0.05361822 0.05621738 0.17525131 0.08810448 0.05776695 0.04724456 0.08432571 0.08384347
[109] 0.04639552 0.04170492 0.11259443 0.12768937 0.06401676 0.14109583 0.09280981 0.03272592 0.05918699
[118] 0.04919032 0.04184579 0.05843890 0.08412286 0.09360507 0.11886004 0.05077351 0.08038703 0.04228309
[127] 0.07313070 0.08592145 0.09917222 0.06977550 0.14264529 0.08537094 0.12146096 0.04414210 0.07536198
[136] 0.09237428 0.07481721 0.04484557 0.05915201 0.05100202 0.11859202 0.09213552 0.07190754 0.11148281
[145] 0.05435173 0.11200367 0.10051894 0.04823139 0.07526950 0.06999009 0.04394338 0.05873372 0.05646873
[154] 0.07236063 0.09072193 0.08286269 0.09780070 0.04986801 0.07723126 0.09985888 0.17803221 0.04142090
[163] 0.05101963 0.06272585 0.05366280 0.07562503 0.07226624 0.10082780 0.12859606 0.07641833 0.12566042
[172] 0.09905824 0.06944969 0.08368387 0.15204955 0.07648657 0.14929172 0.07312845 0.08684164 0.06791114
[181] 0.03889830 0.06379244 0.07788244 0.08809416 0.12420697 0.03639386 0.06322881 0.03994637 0.10144928
[190] 0.05129912 0.17077801 0.03891319 0.08722368 0.06814926 0.05137018 0.11440772 0.06159008 0.06850056
[199] 0.06472166 0.16209341 0.19649257 0.08741503 0.05180915 0.05362277 0.10765177 0.08902677 0.06135280
[208] 0.09055500 0.12851241 0.05583470 0.05567660 0.07718312 0.03819513 0.05207334 0.07851300 0.11341685
[217] 0.04444264 0.09162092 0.06410111 0.13591230 0.09586391 0.08741722 0.05730093 0.05875141 0.07185062
[226] 0.11345008 0.05221602 0.05304327 0.03799323 0.07297250 0.04009756 0.10479484 0.06239158 0.06714648
[235] 0.04292891 0.08105027 0.04851980 0.08054998 0.05412357 0.12629911 0.06120235 0.05226439 0.04455013
[244] 0.07043997 0.13632118 0.04412461 0.04327019 0.05879552 0.08044434 0.05217918 0.10046461 0.09074737
[253] 0.05969121 0.07346098 0.18408564 0.13073046 0.09225409 0.17052519 0.09536895 0.07143056 0.12621375
[262] 0.22102443 0.11455050 0.10215792 0.10846151 0.11412873 0.04682545 0.09293928 0.09429576 0.07673293
[271] 0.14308959 0.08108298 0.16440184 0.05606573 0.05178495 0.04780765 0.19028373 0.10862669 0.06647879
[280] 0.05749831 0.04025072 0.08395543 0.05748111 0.09535954 0.12458612 0.05710231 0.04962408 0.10413825
[289] 0.06732289 0.07701208 0.09456176 0.04882645 0.09999554 0.06284008 0.08536752 0.09988160 0.10302157
[298] 0.12729147 0.07746920 0.09578324 0.03469821 0.08019099 0.15629347 0.07545906 0.15868510 0.05866490
[307] 0.05014341 0.16992638 0.09880451 0.09065347 0.07746947 0.07068704 0.09194037 0.05859238 0.03956346
[316] 0.05845884 0.04336816 0.05024517 0.06682808 0.12769882 0.07875600 0.13740587 0.13264465 0.10457731
[325] 0.07640077 0.07618463 0.06427476 0.09959767 0.10144252 0.14118748 0.03390435 0.07443669 0.05723806
[334] 0.05790731 0.05343156 0.13630385 0.13997298 0.09904616 0.11782730 0.06602278 0.10890139 0.05715134
[343] 0.08169080 0.04382521 0.05639471 0.04735784 0.04311519 0.07829255 0.06435058 0.05295497 0.04853601
[352] 0.04212569 0.06132291 0.05653589 0.06217564 0.06747058 0.08488105 0.06395351 0.06645523 0.06466338
[361] 0.06045881 0.04374946 0.07222629 0.06438148 0.05175498 0.11366678 0.06711578 0.07877991 0.05507727
[370] 0.07365329 0.09779850 0.11087413 0.06470461 0.05913803 0.04291121 0.04533952 0.05273124 0.12009677
[379] 0.07978214 0.13106461 0.12057354 0.05440572 0.06034884 0.10311986 0.16533790 0.06786829 0.07302763
[388] 0.08402529 0.14328603 0.05059658 0.06231974 0.07766334 0.07190380 0.11965833 0.06099811 0.07465635
[397] 0.04612516 0.05446804 0.08578466 0.08298679 0.08210369 0.07636647 0.10922074 0.05613802 0.06893168
[406] 0.11588637 0.08794672 0.16502195 0.12516366 0.12163001 0.12955473 0.15328069 0.08273626 0.04917862
[415] 0.05640507 0.12093535 0.17961599 0.11147198 0.05711337 0.07882674 0.11635269 0.04059346 0.06382459
[424] 0.07045394 0.22712913 0.07290062 0.08605171 0.14420010 0.06042445 0.11712034 0.06231609 0.07088368
[433] 0.07254921 0.10193983 0.05262063 0.06417667 0.05852124 0.05563315 0.13159923 0.05908460 0.11401437
[442] 0.06151734 0.05429224 0.08381000 0.14764222 0.04529911 0.05928601 0.05367575 0.15309781 0.06943876
[451] 0.10631438 0.05991774 0.04508291 0.13476046 0.12477838 0.04935347 0.04370556 0.12421974 0.11403669
[460] 0.08773787 0.06464004 0.05521119 0.08249770 0.06789834 0.11702157 0.11147372 0.08577212 0.04163147
[469] 0.05503242 0.10926103 0.07471755 0.07374026 0.12146742 0.06067104 0.03963144 0.06844415 0.05606745
[478] 0.09183193 0.05425500 0.05909328 0.10310859 0.15866461 0.07089431 0.06948689 0.04170522 0.04327979
[487] 0.15996003 0.04068918 0.11800762 0.05039823 0.05383613 0.09557703 0.06267492 0.10687415 0.04042122
[496] 0.05140694 0.07844021 0.17841137 0.04315563 0.05905358 0.07109802 0.05172639 0.06848980 0.04964297
[505] 0.09679730 0.06867588 0.05321633 0.26583457 0.05000137 0.12740121 0.07167255 0.07024601 0.06021379
[514] 0.07582302 0.04853028 0.07806717 0.04204221 0.07258235 0.12095978 0.08245168 0.05676378 0.06687546
[523] 0.17275796 0.05080577 0.04685717 0.07899706 0.05972955 0.04080955 0.06575836 0.07949287 0.07629760
[532] 0.08159536 0.18428020 0.05134808 0.04499632 0.04259766 0.04983256 0.15281330 0.06461795 0.11488735
[541] 0.11683322 0.07555458 0.05971153 0.05937115 0.08197992 0.05267386 0.07990587 0.10876017 0.06075244
[550] 0.06989014 0.06081241 0.04099161 0.05222868 0.04580380 0.06348458 0.04950411 0.07122855 0.07513027
[559] 0.15378301 0.10118320 0.06543498 0.07461968 0.05307160 0.10608622 0.05398924 0.10019009 0.04734439
[568] 0.20041385 0.08026053 0.04464765 0.04492332 0.10006118 0.04199203 0.06103760 0.05108205 0.06766263
[577] 0.12760826 0.05123126 0.07736152 0.05049577 0.06511124 0.05702974 0.08506914 0.15943257 0.18181851
[586] 0.08026814 0.10217566 0.12392865 0.04774928 0.05516393 0.08139598 0.16220928 0.07188871 0.03789517
[595] 0.05636710 0.05178469 0.10913305 0.09569835 0.07840645 0.04106178 0.04598046 0.07776279 0.09791250
[604] 0.06880352 0.09612445 0.08967702 0.05891342 0.15698996 0.09595530 0.04816331 0.05552929 0.09994154
[613] 0.06314481 0.06057394 0.06056875 0.05216585 0.08596497 0.06912950 0.08616933 0.07017005 0.11271858
[622] 0.08400822 0.07453645 0.04177886 0.09832255 0.11195709 0.08619611 0.07216772 0.08345628 0.10196124
[631] 0.12525077 0.05165141 0.05147951 0.05564604 0.11246087 0.04884072 0.04259563 0.04194174 0.03399415
[640] 0.10853284 0.04774797 0.08424029 0.15530099 0.06199489 0.04270989 0.08736670 0.10266309 0.12232084
[649] 0.04622739 0.05128062 0.10885800 0.04772798 0.07617858 0.04004551 0.07475589 0.04327065 0.07265296
[658] 0.07572159 0.14387395 0.05665287 0.05852428 0.05452692 0.18737287 0.12619638 0.06341364 0.06997428
[667] 0.05419295 0.08605936 0.05403907 0.05152977 0.15635671 0.04448415 0.05095520 0.22578832 0.04599486
[676] 0.14199039 0.04220778 0.09482227 0.12259429 0.13223553 0.11720368 0.12462210 0.04404419 0.05153945
[685] 0.05795465 0.06182743 0.11620923 0.05211064 0.08370722 0.08793121 0.14657326 0.09968957 0.06319253
[694] 0.13545718 0.06649828 0.04538023 0.05558285 0.06212645 0.04587308 0.06631244 0.15786865 0.06270903
[703] 0.05729759 0.07539643 0.05050799 0.23608341 0.08470233 0.11984317 0.06337984 0.04130961 0.05590072
[712] 0.04555917 0.04526443 0.03997834 0.07415928 0.14303359 0.09691302 0.06161525 0.08147137 0.06504284
[721] 0.18169678 0.12028245 0.06550257 0.08710678 0.05997103 0.06006625 0.03963944 0.09101376 0.07917304
[730] 0.05148612 0.04578403 0.04011862 0.03911511 0.06347622 0.11745316 0.04777914 0.04707884 0.09744423
[739] 0.05456713 0.05988183 0.12621361 0.07051732 0.16622878 0.05381749 0.05491923 0.12573496 0.05880196
[748] 0.05955012 0.16509295 0.05564271 0.11601544 0.11525786 0.07844515 0.18615225 0.08506397 0.11456617
[757] 0.03801447 0.07113673 0.08614506 0.14805562 0.05759354 0.14846001 0.09306032 0.12212159 0.05110813
[766] 0.09900885 0.06035316 0.04818373 0.05953484 0.04708916 0.11043737 0.12439991 0.06418856 0.06170632
[775] 0.04664501 0.13102377 0.11036597 0.06477558 0.08654720 0.16651203 0.24876507 0.04467694 0.07417283
[784] 0.05981955 0.05343316 0.07363744 0.17721481 0.10037605 0.09015399 0.08673004 0.10055051 0.11935621
[793] 0.19879726 0.05797401 0.05592214 0.10307127 0.07114790 0.04217966 0.03762681 0.21680844 0.10715772
[802] 0.07352703 0.05666221 0.04232883 0.05471781 0.07289111 0.08147733 0.09615945 0.07461603 0.06183496
[811] 0.04898377 0.23916680 0.12099230 0.06414164 0.06001384 0.19247711 0.07009232 0.06633007 0.09287794
[820] 0.06376015 0.13777917 0.05155157 0.04775363 0.03840651 0.09744834 0.07154333 0.18682266 0.10773418
[829] 0.20298538 0.15150381 0.04615900 0.10835486 0.12999975 0.04730529 0.10786441 0.04472779 0.05198121
[838] 0.05063308 0.08996816 0.04761220 0.06439629 0.12347454 0.05250218 0.05404030 0.09127890 0.11277783
[847] 0.03818988 0.09688805 0.09596708 0.06766983 0.07103089 0.08806262 0.10280106 0.12064884 0.08736337
[856] 0.06321002 0.03802520 0.12805907 0.06335422 0.19115208 0.06869848 0.05805971 0.09074924 0.18128649
[865] 0.11834963 0.16619418 0.04692667 0.07907879 0.11549305 0.06587381 0.04956768 0.10695565 0.04877361
[874] 0.09046253 0.10947649 0.05637047 0.05131371 0.14374979 0.13789574 0.04166963 0.06437983 0.06031076
[883] 0.08079884 0.12663743 0.09194319 0.20768438 0.03880664 0.12752129 0.06603505 0.10260194 0.05337720
[892] 0.13838422 0.04425916 0.12215864 0.08545501 0.04547994 0.08839946 0.06536531 0.05207134 0.07458265
[901] 0.05920870 0.09675354 0.09259338 0.05177519 0.14734439 0.05197585 0.04408652 0.07520256 0.07323368
[910] 0.09274724 0.04797061 0.11246139 0.11335505 0.07260330 0.08446241 0.08583313 0.06120826 0.04416431
[919] 0.09657852 0.05065472 0.15297383 0.05547300 0.04674706 0.09398820 0.08616883 0.06375965 0.06803777
[928] 0.05465942 0.04701129 0.06366644 0.10082471 0.04164333 0.19508835 0.05568936 0.08462531 0.10753114
[937] 0.08048600 0.04302261 0.04798362 0.05407015 0.08120978 0.04568756 0.04704444 0.07873160 0.04365371
[946] 0.04147119 0.11202203 0.07770604 0.06696886 0.05704466 0.06884213 0.10454316 0.08622133 0.10876431
[955] 0.13437810 0.08618751 0.14115877 0.04278605 0.04627059 0.04815852 0.18472570 0.06363253 0.03933256
[964] 0.07996924 0.10261431 0.07260649 0.08674199 0.17421882 0.07802735 0.12538114 0.08097537 0.04609156
[973] 0.09869689 0.03985113 0.06140861 0.11226299 0.06399143 0.04814708 0.05091791 0.07565978 0.14264751
[982] 0.20429074 0.05022560 0.04517689 0.06653030 0.05790184 0.11692870 0.09560275 0.10125864 0.07672447
[991] 0.06434332 0.06095307 0.06450641 0.07295149 0.14804230 0.13572397 0.04638486 0.15493204 0.05558597

$sig
 env 
0.03 

attr(,"class")
[1] "palaeoSig"
