
	Bootstrap results for palaeoecological models

Model type: MAT 
Weighted mean: FALSE 
Number of bootstrap cycles: 100 

Leave-one-out and bootstrap-derived error estimates:

          k RMSEP     S1    S2 r.squared avg.bias max.bias
LOO       3 0.181      -     -     0.676  -0.0250    0.273
Bootstrap 3 0.199 0.0913 0.177     0.828  -0.0252   -0.219


	Modern Analogue Technique predictions

Dissimilarity: SQchord 
k-closest analogues: 3,	Chosen automatically? FALSE
Weighted mean: FALSE 
Bootstrap estimates: FALSE 

Model error estimates:
    RMSEP r.squared  avg.bias  max.bias 
    0.181     0.676    -0.025     0.273 

Predicted values:
    2     6    10    14    18    22    30    34    38    42    46    50    54    58    62 
0.105 0.191 0.340 0.316 0.331 0.747 0.584 0.858 0.849 0.557 0.837 0.887 0.718 0.964 0.887 
   66    70    74    78    82    86    90    94    98   102   106   110   114   118   122 
0.887 0.887 0.954 0.898 0.859 0.898 0.964 0.964 0.590 0.954 0.609 0.783 0.868 0.547 0.358 
  126   130   134   138   142   146   150   154   158   162   166   170   174   178   182 
0.765 0.515 0.516 0.516 0.868 0.516 0.670 0.516 0.516 0.513 0.353 0.130 0.358 0.516 0.679 
  186   190   194   198   202   206   210   214 
0.761 0.358 0.358 0.515 0.765 0.670 0.353 0.606 
$PCA
Call: rda(X = fos)

              Inertia Rank
Total           1.101     
Unconstrained   1.101   31
Inertia is variance 

Eigenvalues for unconstrained axes:
   PC1    PC2    PC3    PC4    PC5    PC6    PC7    PC8 
0.5297 0.2523 0.1069 0.0847 0.0657 0.0365 0.0128 0.0107 
(Showing 8 of 31 unconstrained eigenvalues)


$preds
$preds$env
        2         6        10        14        18        22        30        34        38 
0.1049252 0.1906562 0.3397068 0.3155801 0.3314490 0.7469114 0.5838901 0.8576667 0.8490000 
       42        46        50        54        58        62        66        70        74 
0.5570435 0.8374086 0.8873333 0.7175589 0.9636667 0.8873333 0.8873333 0.8873333 0.9540000 
       78        82        86        90        94        98       102       106       110 
0.8976667 0.8593333 0.8976667 0.9636667 0.9636667 0.5899282 0.9540000 0.6088941 0.7826642 
      114       118       122       126       130       134       138       142       146 
0.8683333 0.5465869 0.3583925 0.7653333 0.5148317 0.5162274 0.5162274 0.8683333 0.5162274 
      150       154       158       162       166       170       174       178       182 
0.6696667 0.5162274 0.5162274 0.5132274 0.3530721 0.1301331 0.3583925 0.5162274 0.6793333 
      186       190       194       198       202       206       210       214 
0.7613333 0.3583925 0.3583925 0.5148317 0.7653333 0.6696667 0.3530721 0.6064984 


$MAX
      PC1 
0.4811067 

$EX
      env 
0.1724431 

$eig1
      env 
0.4296106 

$sim.ex
  [1] 0.137303375 0.136411961 0.044642402 0.029361828 0.023450571 0.185531761 0.052445744
  [8] 0.105098689 0.239610397 0.076822857 0.135370972 0.055373843 0.076430266 0.072736805
 [15] 0.048833276 0.043942468 0.136835693 0.145434064 0.028573150 0.161084151 0.110789180
 [22] 0.142478589 0.085100382 0.039751658 0.051160273 0.067037415 0.212004162 0.017113606
 [29] 0.216645614 0.081039833 0.124280240 0.135618584 0.039033666 0.201067606 0.036519437
 [36] 0.075659209 0.210424411 0.060597435 0.065118635 0.072034063 0.109967060 0.045199606
 [43] 0.211911648 0.140178276 0.052045754 0.101160953 0.103246866 0.025205705 0.108287852
 [50] 0.159409439 0.043098771 0.127415996 0.036094197 0.042411847 0.119902921 0.106145658
 [57] 0.121520856 0.247823307 0.092773079 0.124193072 0.114418355 0.061107310 0.030621085
 [64] 0.097023994 0.081265405 0.113328641 0.023942086 0.075784966 0.041078625 0.050926080
 [71] 0.014318794 0.009348380 0.127238815 0.049102961 0.023615272 0.251413804 0.092729415
 [78] 0.068985744 0.022164807 0.187492556 0.058480423 0.204476500 0.131115374 0.194650825
 [85] 0.180402674 0.081004180 0.257294388 0.039443718 0.105565671 0.065257250 0.059669127
 [92] 0.023056917 0.087158330 0.064899555 0.042336374 0.064407660 0.233109395 0.176801468
 [99] 0.046222356 0.077642903 0.055003907 0.049470350 0.110934578 0.016646610 0.009679205
[106] 0.095938548 0.109923253 0.161678373 0.115368926 0.100622597 0.076665468 0.083083691
[113] 0.073201319 0.009777114 0.145728876 0.026573575 0.060017153 0.096237860 0.098697850
[120] 0.135762453 0.075309086 0.050580346 0.102295933 0.065727116 0.104555641 0.227364507
[127] 0.106747748 0.057799483 0.042085075 0.215361144 0.050063947 0.035738215 0.049851287
[134] 0.098140482 0.103672096 0.098043982 0.045548477 0.144964746 0.135760152 0.059198225
[141] 0.084087301 0.038799579 0.086804890 0.062042797 0.069667674 0.049576666 0.100220453
[148] 0.100985175 0.076275629 0.056567120 0.209550471 0.060744882 0.145259179 0.040179799
[155] 0.075103820 0.029969335 0.136941222 0.097716550 0.124614520 0.084025518 0.101170616
[162] 0.222677973 0.027842191 0.062074762 0.090814900 0.095271303 0.168005014 0.244902398
[169] 0.069437034 0.113661590 0.051804366 0.151108052 0.166795002 0.044631006 0.065406112
[176] 0.128002633 0.282194300 0.075077083 0.035532525 0.205327732 0.145813347 0.124823431
[183] 0.153820064 0.159799756 0.061161158 0.155281825 0.083682595 0.066326215 0.152332810
[190] 0.088916628 0.053271725 0.045381165 0.039437425 0.119642099 0.147300405 0.104456592
[197] 0.020635147 0.197424049 0.063564005 0.258917823 0.094650208 0.087293556 0.056253270
[204] 0.160777631 0.126851096 0.073643964 0.055007297 0.207882527 0.151373362 0.061072638
[211] 0.044707900 0.080993169 0.063520337 0.037273996 0.020174894 0.117375216 0.118534458
[218] 0.025536550 0.119872590 0.033907221 0.090933173 0.106887819 0.040342757 0.073589305
[225] 0.184027298 0.064497208 0.039843678 0.082525254 0.037283150 0.170230606 0.047202670
[232] 0.033664745 0.106352741 0.050008362 0.065212083 0.163277340 0.146968592 0.092813810
[239] 0.068453933 0.204941364 0.128246206 0.210250282 0.219087080 0.067190397 0.089197264
[246] 0.035654049 0.142989356 0.134681360 0.045480597 0.016837532 0.071114552 0.068028297
[253] 0.123423552 0.037498970 0.070661046 0.164982982 0.045616341 0.073121218 0.121137852
[260] 0.181463670 0.099942719 0.093796190 0.137990555 0.082071578 0.029691310 0.091330156
[267] 0.043607718 0.075801974 0.029200931 0.052576493 0.069030361 0.017848506 0.174199921
[274] 0.020400250 0.107398917 0.041554921 0.133933326 0.217000261 0.146900915 0.050782660
[281] 0.101033405 0.162300194 0.089739599 0.057089459 0.054894732 0.125304963 0.101274567
[288] 0.012025760 0.016194111 0.070027547 0.109900974 0.092719156 0.160833901 0.105401881
[295] 0.016272082 0.024406813 0.024374819 0.029925146 0.185362102 0.151090836 0.185701446
[302] 0.066854740 0.029282788 0.121514284 0.089160588 0.078101129 0.073848303 0.151512696
[309] 0.064285076 0.122989605 0.111145222 0.088672322 0.148109118 0.065764597 0.045798620
[316] 0.108718490 0.012566533 0.083614493 0.056992538 0.045169233 0.078632699 0.268581730
[323] 0.217966306 0.058347293 0.035136068 0.205383912 0.039393925 0.208009360 0.111785440
[330] 0.024698629 0.013553255 0.030230049 0.119417389 0.011194521 0.039281890 0.019091971
[337] 0.130961289 0.034495984 0.148300909 0.034512127 0.108528360 0.227111361 0.056362323
[344] 0.022724535 0.116447878 0.087079664 0.135742846 0.144161335 0.232583023 0.087669084
[351] 0.056213493 0.079182502 0.021024638 0.193452437 0.089971779 0.072294109 0.026639370
[358] 0.051726412 0.049408775 0.048762125 0.175390960 0.024527467 0.051882687 0.187833628
[365] 0.056045865 0.048510779 0.105416458 0.030061746 0.158001114 0.116494772 0.135785861
[372] 0.095115333 0.027581217 0.178523130 0.041494983 0.178266901 0.117693595 0.147349841
[379] 0.053436546 0.092131829 0.045010367 0.085361650 0.079896105 0.080342635 0.038502943
[386] 0.064797742 0.095636468 0.077195972 0.093352901 0.158946450 0.115201484 0.150201459
[393] 0.181585058 0.076439414 0.167279095 0.081423006 0.026731897 0.125359664 0.082264453
[400] 0.069530802 0.141934894 0.207380942 0.068164406 0.052055639 0.047189445 0.101796101
[407] 0.074296822 0.081149592 0.090576861 0.183201592 0.080659252 0.045738332 0.080791780
[414] 0.042079308 0.033539397 0.048400388 0.014689180 0.112015559 0.017589446 0.023369425
[421] 0.031881948 0.099003334 0.273160142 0.192369350 0.226804072 0.009602808 0.035500259
[428] 0.087031085 0.021022425 0.031362230 0.039053666 0.040825192 0.100216273 0.116352737
[435] 0.188668548 0.180665782 0.057780387 0.085355522 0.115992489 0.075604765 0.222916532
[442] 0.219054093 0.045585711 0.113911080 0.045180934 0.138180636 0.032957592 0.010550073
[449] 0.075821299 0.079370911 0.151385966 0.246696182 0.091376520 0.054708508 0.040851333
[456] 0.017130515 0.054935115 0.041712702 0.069869064 0.125230020 0.062174779 0.022056385
[463] 0.036848540 0.212572534 0.136213262 0.125550521 0.030789730 0.052907666 0.092008063
[470] 0.224458036 0.195659791 0.128583317 0.200842894 0.032027174 0.115226465 0.195012847
[477] 0.045338439 0.132139644 0.178384397 0.055600766 0.148580133 0.102323323 0.040479813
[484] 0.027358910 0.019490278 0.025313945 0.204731448 0.126187607 0.039859739 0.021543775
[491] 0.099839604 0.063582190 0.038480632 0.053025258 0.023859665 0.062806929 0.127445867
[498] 0.078454017 0.026188305 0.034274263 0.087016149 0.108410088 0.200921997 0.096121951
[505] 0.094262758 0.091263772 0.072410463 0.147962754 0.054543254 0.103980982 0.006450657
[512] 0.144695891 0.072938859 0.132614434 0.154494551 0.062999087 0.029389121 0.118705769
[519] 0.033830351 0.111933460 0.135352786 0.062954310 0.076316412 0.113309864 0.234180848
[526] 0.044035871 0.014787698 0.084154185 0.033009034 0.126218725 0.225887627 0.174190172
[533] 0.135498942 0.105059724 0.123887513 0.017217040 0.039695226 0.073797254 0.103654261
[540] 0.067457219 0.217021649 0.038593558 0.107091268 0.071660333 0.179294565 0.086414752
[547] 0.051089601 0.035700388 0.251597083 0.030269346 0.039352283 0.088516914 0.045167115
[554] 0.083928628 0.054625565 0.164165862 0.102157808 0.032699527 0.029629767 0.129247407
[561] 0.052332740 0.071288179 0.092810533 0.079630255 0.013115434 0.063556050 0.152288822
[568] 0.090270564 0.132482063 0.092145186 0.040145513 0.133498110 0.065310276 0.023824039
[575] 0.158323396 0.106802270 0.249257063 0.030670045 0.110727887 0.054876646 0.036454996
[582] 0.109852622 0.030221585 0.071337712 0.098629186 0.059515022 0.014568085 0.097430913
[589] 0.051532640 0.090045006 0.112689048 0.073372839 0.164185832 0.035644402 0.073946316
[596] 0.083110217 0.032131960 0.021499950 0.104219927 0.081536608 0.145347067 0.038060284
[603] 0.059660044 0.023749217 0.200551259 0.227128494 0.094694351 0.037062577 0.087376030
[610] 0.063600840 0.030564102 0.077166622 0.139268138 0.036683938 0.131973853 0.063511158
[617] 0.302025190 0.021717624 0.003900072 0.243146048 0.102811051 0.125212273 0.132761889
[624] 0.070576118 0.064037257 0.132446370 0.011293542 0.100122809 0.195217553 0.169411714
[631] 0.050405756 0.039910467 0.068137779 0.050626527 0.123663839 0.089777794 0.142042613
[638] 0.203874520 0.117958084 0.031676264 0.067000486 0.182813471 0.192905067 0.052708495
[645] 0.063666702 0.025012659 0.043147766 0.030521023 0.039688317 0.042914436 0.228549681
[652] 0.081270499 0.029956215 0.091555833 0.130266120 0.168488884 0.092497800 0.104181652
[659] 0.068935133 0.040966951 0.113951017 0.123082868 0.065534982 0.286759005 0.033290781
[666] 0.068260080 0.099717694 0.174588612 0.249502040 0.032692235 0.024017072 0.063102637
[673] 0.127680258 0.184817952 0.052613929 0.064059893 0.076478774 0.214832357 0.027200570
[680] 0.115425161 0.160068556 0.132994034 0.152066715 0.040018619 0.062666309 0.025317428
[687] 0.228525584 0.075305378 0.078359900 0.029935270 0.143690463 0.066982414 0.168773658
[694] 0.029140670 0.150106310 0.255303590 0.111986906 0.061979961 0.070426753 0.061710794
[701] 0.065390180 0.142643523 0.044882830 0.115662297 0.174898829 0.110250395 0.043197218
[708] 0.222271916 0.064774946 0.101493783 0.039807519 0.033667587 0.018592549 0.038702356
[715] 0.060729257 0.056044521 0.026520668 0.175727656 0.126867572 0.031321458 0.064357545
[722] 0.094490267 0.081098236 0.085719707 0.075458360 0.206936247 0.056858144 0.102121915
[729] 0.138660233 0.078484801 0.084035943 0.005921978 0.156793184 0.176736082 0.089776328
[736] 0.170917331 0.163698992 0.098211709 0.128929190 0.029085851 0.060238510 0.210214234
[743] 0.058291920 0.047548956 0.043581760 0.213656094 0.181317809 0.034270778 0.028785314
[750] 0.020629458 0.028748247 0.009665176 0.041238801 0.168310139 0.025186303 0.054268645
[757] 0.137333959 0.038740324 0.041558110 0.189296773 0.060245249 0.200848782 0.086347416
[764] 0.059390413 0.088825826 0.125854993 0.053346748 0.052509802 0.083823196 0.075856719
[771] 0.165244544 0.141374541 0.026514378 0.039451831 0.134635869 0.065855196 0.081732769
[778] 0.033919890 0.032180512 0.073020088 0.075696520 0.133236883 0.182164537 0.024317857
[785] 0.107086595 0.100967567 0.029967020 0.019115823 0.095627379 0.093179862 0.056897442
[792] 0.101498795 0.102967935 0.183358731 0.036156149 0.059507482 0.155697227 0.083717250
[799] 0.050274248 0.193543208 0.065813020 0.071083363 0.138785655 0.077549053 0.221295480
[806] 0.116381331 0.122397808 0.119536694 0.070736745 0.032901906 0.112318491 0.123783021
[813] 0.051826822 0.035999268 0.021116408 0.055836042 0.263145715 0.164601893 0.127836281
[820] 0.021808874 0.028970437 0.077006873 0.184354889 0.192045080 0.189015041 0.042697715
[827] 0.047688447 0.073819347 0.166039005 0.031396243 0.031824335 0.073098342 0.055115646
[834] 0.101831007 0.073404275 0.054168895 0.047225562 0.105258025 0.046363593 0.046887607
[841] 0.179185967 0.143800223 0.102631321 0.088213948 0.032141472 0.161616428 0.076721043
[848] 0.089113175 0.153607222 0.050808119 0.020779419 0.173707840 0.043909626 0.024113469
[855] 0.153491217 0.127926200 0.033256655 0.106948769 0.152774981 0.040623927 0.052498338
[862] 0.146792692 0.046681215 0.176099588 0.041161093 0.062541868 0.110150018 0.069390793
[869] 0.201296702 0.032539436 0.039970065 0.276838873 0.125553476 0.185822949 0.175063792
[876] 0.185473875 0.185350581 0.146324196 0.115382950 0.043665064 0.147560183 0.257354268
[883] 0.181817780 0.042286459 0.132151507 0.122220661 0.055378500 0.179058400 0.053901528
[890] 0.115183824 0.063091768 0.295453818 0.191310666 0.108517143 0.067866935 0.027388400
[897] 0.030360082 0.139895348 0.018404557 0.073005104 0.042560415 0.020589258 0.019803133
[904] 0.064945265 0.139166726 0.146617694 0.075508074 0.197152109 0.110010617 0.140540979
[911] 0.036497961 0.043657009 0.076469557 0.161163875 0.134973989 0.143252548 0.208592111
[918] 0.073565354 0.090326397 0.019473480 0.114888803 0.076670601 0.256400562 0.126038458
[925] 0.101163487 0.072976635 0.012590414 0.118759829 0.197690878 0.115383545 0.018983543
[932] 0.107508843 0.093595725 0.034750150 0.168260919 0.100027053 0.066733822 0.142334660
[939] 0.064946012 0.099614868 0.096746722 0.098087565 0.069419921 0.172953705 0.073322344
[946] 0.110505897 0.061927127 0.066158427 0.183780621 0.106080781 0.134193118 0.029383467
[953] 0.101974739 0.032119709 0.124532419 0.149130686 0.021905661 0.090108196 0.049229828
[960] 0.138795570 0.034793877 0.065288875 0.005837024 0.070998197 0.139307449 0.093651403
[967] 0.132612621 0.026562104 0.308958831 0.016312532 0.176405092 0.035410365 0.067248339
[974] 0.220809662 0.071396791 0.044589865 0.105096300 0.210553444 0.174386624 0.091679357
[981] 0.098743464 0.011158638 0.045762976 0.060692875 0.066592514 0.075322965 0.258080276
[988] 0.084469889 0.138727823 0.005428457 0.194035940 0.059227198 0.131146262 0.032593819
[995] 0.244778532 0.234352091 0.185749004 0.057659618 0.116069187

$sig
  env 
0.137 

attr(,"class")
[1] "palaeoSig"
