
	Bootstrap results for palaeoecological models

Model type: MAT 
Weighted mean: FALSE 
Number of bootstrap cycles: 100 

Leave-one-out and bootstrap-derived error estimates:

          k RMSEP   S1   S2 r.squared avg.bias max.bias
LOO       4  49.8    -    -     0.805     6.83     59.1
Bootstrap 9  54.8 19.8 51.1     0.887     6.46    -64.2


	Modern Analogue Technique predictions

Dissimilarity: SQchord 
k-closest analogues: 9,	Chosen automatically? FALSE
Weighted mean: FALSE 
Bootstrap estimates: FALSE 

Model error estimates:
    RMSEP r.squared  avg.bias  max.bias 
   51.322     0.786     6.366   -55.063 

Predicted values:
  2   6  10  14  18  22  30  34  38  42  46  50  54  58  62  66  70  74  78  82  86  90  94 
412 408 466 407 388 272 423 452 514 314 402 463 327 431 469 442 443 468 469 500 441 442 495 
 98 102 106 110 114 118 122 126 130 134 138 142 146 150 154 158 162 166 170 174 178 182 186 
485 448 389 314 484 326 478 491 490 487 486 492 483 505 497 478 483 498 325 500 483 478 470 
190 194 198 202 206 210 214 
490 499 499 445 470 490 477 
$PCA
Call: rda(X = fos)

              Inertia Rank
Total           1.101     
Unconstrained   1.101   31
Inertia is variance 

Eigenvalues for unconstrained axes:
   PC1    PC2    PC3    PC4    PC5    PC6    PC7    PC8 
0.5297 0.2523 0.1069 0.0847 0.0657 0.0365 0.0128 0.0107 
(Showing 8 of 31 unconstrained eigenvalues)


$preds
$preds$env
       2        6       10       14       18       22       30       34       38       42 
411.5556 408.0000 466.1111 406.5556 387.6667 272.2222 422.5556 452.1111 514.1111 313.6667 
      46       50       54       58       62       66       70       74       78       82 
401.8889 463.4444 326.5556 430.6667 468.8889 441.6667 443.1111 468.3333 468.8889 500.2222 
      86       90       94       98      102      106      110      114      118      122 
441.4444 442.4444 495.3333 484.7778 447.6667 388.5556 313.7778 483.5556 325.5556 478.1111 
     126      130      134      138      142      146      150      154      158      162 
490.6667 490.4444 486.5556 486.4444 492.0000 482.6667 504.5556 496.5556 478.1111 482.6667 
     166      170      174      178      182      186      190      194      198      202 
498.4444 324.8889 500.0000 482.6667 478.1111 469.6667 490.4444 498.8889 498.8889 445.2222 
     206      210      214 
469.6667 489.7778 476.5556 


$MAX
      PC1 
0.4811067 

$EX
      env 
0.1054613 

$eig1
     env 
0.440946 

$sim.ex
  [1] 0.136420058 0.067902126 0.018526789 0.103331429 0.128184515 0.259742507 0.231196977
  [8] 0.229774047 0.104981029 0.059660825 0.030216737 0.104441389 0.060754893 0.097719914
 [15] 0.067913572 0.147014956 0.125877276 0.119731208 0.099752658 0.069641483 0.032840234
 [22] 0.033551253 0.095513225 0.092075910 0.086066817 0.074488576 0.046395692 0.048801679
 [29] 0.066280445 0.050309828 0.273047131 0.068818247 0.134150935 0.134002823 0.022049042
 [36] 0.059892856 0.096386390 0.074585319 0.113778317 0.022117136 0.068687183 0.139842901
 [43] 0.128574441 0.028885068 0.033001914 0.080215322 0.185362735 0.282110155 0.124578282
 [50] 0.195512507 0.177503494 0.191127550 0.253242845 0.083786378 0.080650344 0.223602086
 [57] 0.059385099 0.218257134 0.079175558 0.159543798 0.117472974 0.072625413 0.063621071
 [64] 0.113717972 0.043487374 0.122827181 0.058740416 0.171723774 0.150539446 0.176343340
 [71] 0.052998684 0.184382636 0.049763413 0.185521453 0.044914560 0.083761124 0.195381087
 [78] 0.237028349 0.115157800 0.057445221 0.108916422 0.025749339 0.050568910 0.236769853
 [85] 0.102628643 0.088356096 0.047367155 0.146381723 0.088366760 0.092406851 0.189029912
 [92] 0.180184777 0.175263769 0.081578403 0.210299687 0.211262885 0.132159442 0.043758893
 [99] 0.017431700 0.094705399 0.182419478 0.132482536 0.182789881 0.072823523 0.073625934
[106] 0.204203111 0.120427744 0.211008932 0.138242114 0.111052729 0.042169468 0.021379116
[113] 0.016373404 0.071154775 0.128546532 0.093922794 0.131210469 0.054161563 0.077316766
[120] 0.035240158 0.178319622 0.158968875 0.155377030 0.132028873 0.090094183 0.046897143
[127] 0.068639146 0.252373995 0.054165445 0.006160937 0.145119102 0.050368701 0.010006216
[134] 0.095811572 0.138897115 0.137815908 0.050823381 0.053503225 0.050057095 0.084923835
[141] 0.039947606 0.045020967 0.084054529 0.061256273 0.102374812 0.082142050 0.095694864
[148] 0.045493087 0.293776733 0.237939537 0.080219441 0.049864859 0.058995006 0.060391574
[155] 0.233568082 0.226317235 0.083973983 0.175339083 0.129689867 0.067420788 0.029578981
[162] 0.131988405 0.069631028 0.076039523 0.070409977 0.128949893 0.130332866 0.062497020
[169] 0.258624597 0.039699616 0.105971647 0.196612519 0.192959202 0.054830504 0.060672594
[176] 0.066466800 0.133137936 0.072435627 0.110077896 0.084226141 0.179589292 0.029859516
[183] 0.066808343 0.209573204 0.254825511 0.064836611 0.109460474 0.057122894 0.032064465
[190] 0.250835917 0.034454922 0.126879808 0.053984521 0.090283718 0.031384954 0.047187592
[197] 0.095836653 0.073888254 0.100325639 0.124786013 0.253536200 0.075892106 0.169066575
[204] 0.097481677 0.113056946 0.229304120 0.210407606 0.190524040 0.058790547 0.143056476
[211] 0.018032012 0.098323358 0.053766788 0.125352603 0.069025499 0.121622446 0.243398900
[218] 0.026155881 0.137571922 0.116513515 0.194352224 0.056814703 0.251639142 0.114456487
[225] 0.010355251 0.098411630 0.165308549 0.170081544 0.253421554 0.064029217 0.142874645
[232] 0.040654188 0.137263328 0.129158158 0.167399095 0.295201241 0.020014988 0.065261654
[239] 0.033336348 0.043924836 0.043342745 0.083343665 0.159828337 0.163364274 0.123583735
[246] 0.166252736 0.127475689 0.068788427 0.102135841 0.047760411 0.174550406 0.173341982
[253] 0.124298505 0.052083906 0.117675478 0.151684331 0.235956822 0.200231192 0.094310722
[260] 0.181956601 0.083437131 0.085612377 0.046957338 0.064648514 0.117825547 0.031550760
[267] 0.147578088 0.195162901 0.121730464 0.059969702 0.026603660 0.112131176 0.037454540
[274] 0.093528617 0.240087785 0.098069494 0.086544952 0.024624635 0.030290151 0.231404622
[281] 0.109624040 0.058737102 0.152566643 0.056647393 0.085997881 0.083656705 0.059924863
[288] 0.165514710 0.035232929 0.170659687 0.241074556 0.164535587 0.107995310 0.082024258
[295] 0.077182517 0.253393491 0.054591243 0.099651716 0.051839793 0.095770028 0.261199658
[302] 0.067059844 0.152390097 0.213802359 0.081856190 0.107972948 0.147938051 0.057483222
[309] 0.045753015 0.047002055 0.197498459 0.264216430 0.116816895 0.012774600 0.126826524
[316] 0.058050429 0.087873523 0.067084026 0.148460071 0.187855256 0.139115972 0.024055957
[323] 0.081847903 0.128830873 0.063100329 0.134226443 0.124062012 0.063645999 0.102032944
[330] 0.056793074 0.169177567 0.032612443 0.059954994 0.233956997 0.058898653 0.121183910
[337] 0.063797989 0.102932266 0.077905200 0.068547365 0.238405667 0.117849032 0.200525873
[344] 0.055065414 0.111130154 0.221285834 0.111843062 0.030610840 0.053012675 0.067290230
[351] 0.144692114 0.189380185 0.200144205 0.062316909 0.169527849 0.079174580 0.043412774
[358] 0.066698250 0.163830692 0.081360694 0.105104555 0.041286322 0.195037695 0.058868899
[365] 0.040629406 0.133678393 0.067014498 0.179718470 0.116270255 0.064052602 0.221815981
[372] 0.116252449 0.159641671 0.043624801 0.082921611 0.027968987 0.043277282 0.063066528
[379] 0.133636964 0.046605943 0.093130676 0.099258772 0.049047864 0.054162657 0.062145667
[386] 0.091015096 0.188839412 0.039314696 0.174991499 0.018920929 0.037999618 0.143562240
[393] 0.110204791 0.042592132 0.091880115 0.119031480 0.193057637 0.239829244 0.204209155
[400] 0.037182307 0.273476002 0.080346434 0.042066888 0.037603732 0.008931475 0.087424445
[407] 0.051064485 0.059175378 0.047267889 0.089174362 0.031952537 0.030353663 0.166802523
[414] 0.198435198 0.045312467 0.154490979 0.058598532 0.134668027 0.058455095 0.214257208
[421] 0.056358723 0.034432208 0.120835786 0.086376096 0.122847263 0.037563096 0.070946010
[428] 0.138510129 0.063049280 0.094019035 0.064945319 0.258230325 0.046800054 0.138775893
[435] 0.136431723 0.072795108 0.038903359 0.055631204 0.098923612 0.109854373 0.062645443
[442] 0.126162281 0.034979189 0.076727232 0.024623714 0.103866148 0.176451160 0.066781601
[449] 0.086904651 0.038628461 0.016727824 0.053399250 0.049320826 0.160182772 0.047888282
[456] 0.019868231 0.282698637 0.108114175 0.083963509 0.058962050 0.170613534 0.108949484
[463] 0.082721346 0.084182126 0.118986065 0.034329126 0.290258389 0.039679202 0.052588778
[470] 0.115975506 0.035022988 0.057769038 0.058510064 0.127061558 0.049049870 0.057315433
[477] 0.076811294 0.045792781 0.200135538 0.230151832 0.040752651 0.023968078 0.049319488
[484] 0.096721706 0.154250099 0.042419923 0.060453373 0.057179375 0.040587701 0.168344095
[491] 0.022239338 0.077708789 0.070692337 0.013866438 0.136779395 0.048743553 0.225193190
[498] 0.049225374 0.062639701 0.245852567 0.252305102 0.015834879 0.094186184 0.052633588
[505] 0.048384173 0.028637519 0.109716364 0.096068593 0.119802600 0.072345928 0.159124927
[512] 0.116285468 0.073244054 0.172706888 0.088991378 0.140331850 0.208399430 0.097701925
[519] 0.267336984 0.192332614 0.174687939 0.088558222 0.084602909 0.140747703 0.030202035
[526] 0.131361429 0.028772441 0.043581337 0.172202683 0.071931856 0.035011202 0.086066982
[533] 0.126550365 0.030065334 0.074447182 0.040524277 0.133723176 0.097464811 0.047697467
[540] 0.058869914 0.025100495 0.060265682 0.058655419 0.166856706 0.070666398 0.053959402
[547] 0.142125662 0.029082579 0.271527419 0.092493647 0.048737569 0.282769704 0.025036845
[554] 0.061374907 0.117099359 0.134595552 0.111999894 0.082230755 0.041700907 0.067011112
[561] 0.061229879 0.053168888 0.137103557 0.111067326 0.075583932 0.087512429 0.061778651
[568] 0.073951450 0.107099726 0.113746723 0.166497366 0.128771831 0.094081593 0.054716740
[575] 0.077093892 0.138034917 0.060697475 0.083551157 0.073530374 0.170674224 0.084667591
[582] 0.182989178 0.024083605 0.139357128 0.098758431 0.171074232 0.084185246 0.060556403
[589] 0.124346140 0.090599297 0.180588339 0.039196703 0.174191918 0.060434864 0.093038494
[596] 0.044040334 0.035339907 0.065529895 0.248605665 0.277136968 0.053854792 0.118618199
[603] 0.036308442 0.063873930 0.120469928 0.043545568 0.049199505 0.073141455 0.124655447
[610] 0.085702029 0.042112075 0.089366140 0.237119927 0.077105105 0.217755098 0.070558657
[617] 0.274986033 0.130869698 0.173410253 0.132109724 0.111242972 0.086606186 0.194518598
[624] 0.140061477 0.035691380 0.009015053 0.021007367 0.066174666 0.049213690 0.103656527
[631] 0.130921902 0.141968129 0.100856237 0.033235821 0.081078454 0.069277264 0.127351544
[638] 0.171028049 0.184450735 0.122951843 0.061390035 0.082480256 0.081075419 0.064641203
[645] 0.146971964 0.052641508 0.089045991 0.151911051 0.158129201 0.052449593 0.038090065
[652] 0.050956081 0.161176455 0.071387479 0.086973225 0.153563025 0.070847247 0.044279599
[659] 0.037144432 0.074381296 0.086207853 0.071955499 0.210777321 0.052037367 0.077963423
[666] 0.049695260 0.086475802 0.212222348 0.045692950 0.091859309 0.046721817 0.048924280
[673] 0.162474416 0.089911282 0.073308248 0.287882128 0.123455322 0.133132280 0.186928587
[680] 0.050069155 0.302975979 0.068160467 0.179389766 0.062095423 0.061936062 0.248850354
[687] 0.195151717 0.078604764 0.041602544 0.048070820 0.050101639 0.227257208 0.042140915
[694] 0.104738954 0.320650012 0.013818010 0.080204380 0.170910939 0.196827286 0.135370088
[701] 0.029475143 0.045329659 0.033370074 0.125568569 0.101376797 0.102082086 0.226736105
[708] 0.130824952 0.055930471 0.059656965 0.041280195 0.117115042 0.246014223 0.226685944
[715] 0.221362845 0.058981460 0.085654008 0.213192573 0.154514694 0.080632033 0.046538076
[722] 0.057416461 0.095142004 0.126430216 0.131758611 0.027613816 0.178085438 0.051880643
[729] 0.056329201 0.146624354 0.116556158 0.133577339 0.209557491 0.179281838 0.117421714
[736] 0.064963357 0.041878422 0.043337256 0.036477929 0.117148536 0.071453037 0.127736292
[743] 0.275954252 0.155201573 0.232313870 0.216146385 0.092324444 0.042700767 0.178836338
[750] 0.207102298 0.110544039 0.060894446 0.106475441 0.226392735 0.047982820 0.116011919
[757] 0.056940045 0.217044344 0.192273855 0.075494753 0.069874418 0.156661837 0.094527953
[764] 0.219569722 0.060083729 0.175853955 0.191939162 0.049834614 0.140575492 0.074315148
[771] 0.056135191 0.027291746 0.207362225 0.144438974 0.160748759 0.045207682 0.110636852
[778] 0.014378517 0.107947643 0.037165984 0.146753282 0.104481399 0.063823240 0.107527816
[785] 0.053019027 0.084176862 0.049148286 0.173592736 0.055450538 0.071681891 0.173409891
[792] 0.136189690 0.139668262 0.073995608 0.050678848 0.173720347 0.127686265 0.130566995
[799] 0.088704405 0.185397099 0.243577261 0.092918224 0.052536623 0.252344105 0.127155943
[806] 0.217400092 0.081540542 0.096988725 0.135193723 0.232312820 0.043178408 0.085531115
[813] 0.192339829 0.194698184 0.150604982 0.051631666 0.048397600 0.029040022 0.072644515
[820] 0.091728607 0.077928044 0.039509578 0.137638526 0.084169099 0.215509997 0.069906003
[827] 0.043861059 0.246060571 0.077071464 0.095030070 0.057643683 0.030580279 0.186555409
[834] 0.125566055 0.175081254 0.143473668 0.091629848 0.067967607 0.051743447 0.098015224
[841] 0.074542858 0.185994142 0.189913287 0.052953894 0.099753575 0.121915015 0.087835193
[848] 0.049126545 0.127512227 0.206553868 0.083022822 0.091292561 0.186087245 0.032980522
[855] 0.064484128 0.202240561 0.122067609 0.061458097 0.034476157 0.100858108 0.092423359
[862] 0.075314789 0.031120935 0.282635365 0.052315542 0.111884120 0.098585652 0.096592627
[869] 0.169122018 0.061998257 0.018666488 0.197004620 0.124953111 0.159742653 0.108249632
[876] 0.108596330 0.019324775 0.126733307 0.213721732 0.151775227 0.075372435 0.228173597
[883] 0.080667183 0.120640160 0.106843562 0.111084612 0.073170054 0.061172224 0.103248933
[890] 0.029270568 0.093119754 0.079960004 0.051530600 0.099678250 0.136042928 0.098246313
[897] 0.193378830 0.044905911 0.046656864 0.033003263 0.086160504 0.056772973 0.194399304
[904] 0.229893078 0.138623228 0.012300319 0.043995077 0.118846115 0.109928352 0.216406861
[911] 0.115227803 0.045190597 0.191909697 0.065354395 0.074150685 0.145603641 0.050273687
[918] 0.028076887 0.127479949 0.029777679 0.029986302 0.093355429 0.054006916 0.158658850
[925] 0.042794375 0.028081462 0.052422731 0.089859422 0.125805188 0.149847891 0.061310443
[932] 0.031683962 0.022941923 0.162413182 0.194908449 0.201317512 0.019161519 0.062007680
[939] 0.102813268 0.054649563 0.086057983 0.106285344 0.069961453 0.102442476 0.132104517
[946] 0.155099643 0.117946098 0.088495979 0.057312366 0.180520021 0.144844983 0.131557462
[953] 0.054580503 0.095811784 0.046952785 0.044988842 0.093114554 0.183906124 0.104183467
[960] 0.037343864 0.044469829 0.033354762 0.035339612 0.213889810 0.021703340 0.067183831
[967] 0.072382991 0.187290088 0.134935514 0.143443500 0.139969722 0.045329905 0.092527910
[974] 0.245469350 0.050518335 0.027791844 0.041341619 0.143832745 0.027889558 0.124756421
[981] 0.224142846 0.051140955 0.254549025 0.203192267 0.095172428 0.127409995 0.172008619
[988] 0.171312474 0.027335746 0.116283173 0.056751830 0.102535549 0.017475447 0.171287831
[995] 0.067424644 0.067823872 0.061861257 0.101815806 0.142980470

$sig
  env 
0.424 

attr(,"class")
[1] "palaeoSig"
