
	Bootstrap results for palaeoecological models

Model type: MAT 
Weighted mean: FALSE 
Number of bootstrap cycles: 100 

Leave-one-out and bootstrap-derived error estimates:

          k RMSEP    S1    S2 r.squared avg.bias max.bias
LOO       4 0.917     -     -     0.869  -0.0362    -2.05
Bootstrap 6 1.045 0.439 0.948     0.927  -0.0271    -2.12


	Modern Analogue Technique predictions

Dissimilarity: SQchord 
k-closest analogues: 6,	Chosen automatically? FALSE
Weighted mean: FALSE 
Bootstrap estimates: FALSE 

Model error estimates:
    RMSEP r.squared  avg.bias  max.bias 
   0.9397    0.8624   -0.0283   -2.3483 

Predicted values:
     2      6     10     14     18     22     30     34     38     42     46     50     54 
-10.33 -11.22  -9.98 -11.58 -10.46  -9.73 -10.41  -7.04  -6.54  -9.54  -7.28  -6.55 -11.24 
    58     62     66     70     74     78     82     86     90     94     98    102    106 
 -6.55  -5.96  -6.45  -7.28  -6.98  -6.44  -6.25  -5.92  -6.22  -5.63  -8.82  -8.05  -9.56 
   110    114    118    122    126    130    134    138    142    146    150    154    158 
-10.33  -7.22 -12.24  -8.49  -7.71  -9.48  -8.82  -9.11  -7.22  -8.63  -8.18  -9.48  -9.48 
   162    166    170    174    178    182    186    190    194    198    202    206    210 
 -9.16  -9.48 -11.74  -9.48  -9.00  -9.00  -7.55  -8.85  -9.48  -9.48  -7.18  -8.00  -9.67 
   214 
 -8.81 
$PCA
Call: rda(X = fos)

              Inertia Rank
Total           1.101     
Unconstrained   1.101   31
Inertia is variance 

Eigenvalues for unconstrained axes:
   PC1    PC2    PC3    PC4    PC5    PC6    PC7    PC8 
0.5297 0.2523 0.1069 0.0847 0.0657 0.0365 0.0128 0.0107 
(Showing 8 of 31 unconstrained eigenvalues)


$preds
$preds$env
         2          6         10         14         18         22         30         34 
-10.325000 -11.220000  -9.983333 -11.581667 -10.455000  -9.730000 -10.413333  -7.041667 
        38         42         46         50         54         58         62         66 
 -6.536667  -9.545000  -7.276667  -6.553333 -11.236667  -6.553333  -5.960000  -6.455000 
        70         74         78         82         86         90         94         98 
 -7.276667  -6.983333  -6.436667  -6.248333  -5.918333  -6.223333  -5.630000  -8.816667 
       102        106        110        114        118        122        126        130 
 -8.051667  -9.558333 -10.328333  -7.221667 -12.236667  -8.488333  -7.708333  -9.483333 
       134        138        142        146        150        154        158        162 
 -8.818333  -9.108333  -7.221667  -8.626667  -8.180000  -9.483333  -9.483333  -9.161667 
       166        170        174        178        182        186        190        194 
 -9.483333 -11.736667  -9.483333  -9.001667  -8.996667  -7.550000  -8.853333  -9.483333 
       198        202        206        210        214 
 -9.483333  -7.180000  -8.001667  -9.665000  -8.806667 


$MAX
      PC1 
0.4811067 

$EX
      env 
0.1200258 

$eig1
      env 
0.4386798 

$sim.ex
  [1] 0.074569955 0.030961139 0.029387082 0.026526959 0.060845885 0.058981412 0.158869305
  [8] 0.019153373 0.125302180 0.036405063 0.293561397 0.074574701 0.060084997 0.064397591
 [15] 0.190120979 0.137580305 0.055498720 0.238511776 0.038341764 0.229643206 0.023118123
 [22] 0.149453540 0.036001548 0.078444434 0.063270188 0.086547584 0.026234712 0.050443741
 [29] 0.053589510 0.093931831 0.061479753 0.094391036 0.266026824 0.071247200 0.063897458
 [36] 0.020490554 0.034842740 0.083078338 0.055834741 0.269813482 0.059564448 0.235566337
 [43] 0.103276443 0.055991012 0.103269398 0.142866415 0.062771153 0.196219204 0.189307079
 [50] 0.069005468 0.090302237 0.022408097 0.103578484 0.160977070 0.179192243 0.058193692
 [57] 0.051569275 0.192129744 0.171726801 0.019500814 0.030567236 0.090108716 0.018686777
 [64] 0.214031223 0.069657010 0.055947892 0.024442947 0.050226887 0.070802458 0.265300048
 [71] 0.108585677 0.085388725 0.042312977 0.037689853 0.057765164 0.097869495 0.076244726
 [78] 0.031854068 0.033115986 0.029726865 0.072646537 0.043144808 0.151337631 0.083939447
 [85] 0.122740734 0.188003697 0.040291335 0.140341881 0.125771998 0.037781909 0.082051327
 [92] 0.072652006 0.045944868 0.091629120 0.151903013 0.059848295 0.078711317 0.133981819
 [99] 0.179548788 0.018573077 0.059458955 0.025357838 0.084992940 0.076354272 0.080177914
[106] 0.037954982 0.018589098 0.234542881 0.023909959 0.059159034 0.113511932 0.081188928
[113] 0.014979953 0.069063363 0.266350825 0.069065527 0.271652499 0.041906964 0.242247875
[120] 0.121173709 0.134856682 0.024881436 0.127741022 0.105768963 0.042013958 0.184546526
[127] 0.081795001 0.031738085 0.163790432 0.133439871 0.045251739 0.105075128 0.052209999
[134] 0.088290633 0.169348751 0.160429569 0.187220542 0.094517514 0.113691723 0.067361390
[141] 0.102139179 0.145291197 0.092782084 0.054296805 0.131408117 0.052176271 0.221685584
[148] 0.076759886 0.094469755 0.194872605 0.023043925 0.089173160 0.056007666 0.044447600
[155] 0.057853505 0.072098751 0.016034051 0.113076260 0.049521277 0.085220544 0.069961986
[162] 0.099164064 0.116096547 0.055865708 0.176865926 0.130815906 0.180299023 0.067965934
[169] 0.130352613 0.082757353 0.083721201 0.111511806 0.063721349 0.128925014 0.074829114
[176] 0.232790490 0.150271124 0.236726017 0.148534652 0.145282108 0.034264621 0.159531844
[183] 0.211989690 0.066877526 0.065285698 0.147348075 0.035784151 0.027216170 0.067691807
[190] 0.164482043 0.086805680 0.087170932 0.024283090 0.093657212 0.185841040 0.039053996
[197] 0.132991419 0.102799952 0.097771286 0.075329638 0.024102192 0.138428183 0.047858088
[204] 0.212502645 0.130679992 0.136578399 0.126114243 0.118984466 0.036612273 0.069450273
[211] 0.066656582 0.026525169 0.102392171 0.055067852 0.064461205 0.181444399 0.011165019
[218] 0.058127294 0.144022646 0.091410859 0.098460624 0.133514600 0.118114581 0.054577645
[225] 0.105830072 0.038417622 0.066101705 0.172261369 0.171618506 0.145579609 0.058848709
[232] 0.051566711 0.071225188 0.029300860 0.180847577 0.043601646 0.100853705 0.088414936
[239] 0.041034965 0.058774396 0.032694604 0.031854991 0.044050035 0.044848398 0.162267611
[246] 0.034543929 0.037089607 0.105295272 0.045607983 0.090402615 0.114273993 0.080593692
[253] 0.065418223 0.136688852 0.029811518 0.044318358 0.036094356 0.132909319 0.067610346
[260] 0.134622332 0.038484734 0.144180329 0.102151730 0.069888041 0.022439290 0.053393881
[267] 0.041066590 0.071875409 0.163658035 0.265860407 0.047724959 0.027383949 0.082057659
[274] 0.098308429 0.092458025 0.029032283 0.192434433 0.019401829 0.082857326 0.114702975
[281] 0.209972590 0.312908233 0.078010616 0.042015062 0.166017376 0.211544232 0.081319379
[288] 0.109748628 0.104345854 0.166679021 0.039789163 0.162491014 0.042305284 0.202312586
[295] 0.089107194 0.055086014 0.159906405 0.046323069 0.122439642 0.072008878 0.074958994
[302] 0.108699949 0.192960583 0.224805898 0.184668905 0.002807097 0.036937727 0.177212361
[309] 0.143865883 0.100577511 0.100811393 0.064051331 0.070604684 0.121601368 0.171927536
[316] 0.114474077 0.129506817 0.012607536 0.150366107 0.144941171 0.211463735 0.127323853
[323] 0.137423835 0.041742113 0.036065726 0.073461649 0.061959549 0.195469061 0.085114999
[330] 0.181022319 0.092638974 0.053694191 0.136503616 0.106557328 0.044542708 0.037087840
[337] 0.179273973 0.082045247 0.109632746 0.090720733 0.137345882 0.072067869 0.210698029
[344] 0.094676377 0.033352104 0.096838830 0.061405684 0.170914754 0.311862285 0.196483767
[351] 0.079234075 0.181188100 0.131460474 0.113979890 0.215566060 0.025796098 0.040994243
[358] 0.127797924 0.065187749 0.263120134 0.019549397 0.055802742 0.125622349 0.100087365
[365] 0.077198270 0.128811984 0.022770624 0.047757580 0.113987372 0.022981617 0.201879479
[372] 0.157407904 0.030608413 0.120617819 0.187884736 0.083950039 0.083579312 0.060486001
[379] 0.055081277 0.113465029 0.089927399 0.080081972 0.109961902 0.190074492 0.063059721
[386] 0.033198477 0.024335129 0.050924295 0.286251116 0.120594266 0.147655417 0.041178498
[393] 0.102967077 0.103554031 0.052992520 0.185514358 0.048575950 0.043562187 0.024157929
[400] 0.184167557 0.057636237 0.090549781 0.125300964 0.092682439 0.124081590 0.049532403
[407] 0.138612938 0.114172307 0.044563063 0.065364813 0.074881059 0.036633093 0.050716146
[414] 0.076380443 0.130347561 0.035316472 0.023315986 0.281129334 0.168107667 0.039662804
[421] 0.080963733 0.053086871 0.108226934 0.147517358 0.236564729 0.093187964 0.051410578
[428] 0.080999264 0.154479621 0.092436759 0.014922967 0.060854809 0.035889506 0.041954236
[435] 0.163904341 0.123049240 0.107825539 0.013442164 0.072503904 0.037094075 0.036430366
[442] 0.158188703 0.079831040 0.204839194 0.183408949 0.052619336 0.083738429 0.083616324
[449] 0.025907971 0.037625204 0.097380188 0.031082399 0.160968574 0.069379286 0.065965662
[456] 0.023944560 0.099744905 0.076705021 0.227900730 0.217388345 0.063240711 0.233467039
[463] 0.193440045 0.045974847 0.094571149 0.058922757 0.159484476 0.113858655 0.015066056
[470] 0.054200854 0.122223808 0.091047692 0.144878880 0.103740622 0.041280799 0.099288894
[477] 0.167708058 0.069566679 0.120994721 0.039953440 0.086399039 0.064830223 0.176869235
[484] 0.020082870 0.131293127 0.116154648 0.070697992 0.037920383 0.163450398 0.020922138
[491] 0.051134043 0.047877720 0.046249650 0.225436427 0.222536922 0.017215655 0.111507266
[498] 0.044206853 0.089268832 0.106961223 0.139549331 0.086465555 0.147216589 0.063426916
[505] 0.133719169 0.068192063 0.017096473 0.027637422 0.026773485 0.153343163 0.065111892
[512] 0.041116204 0.039411267 0.100880538 0.220773174 0.064812859 0.168476889 0.082207163
[519] 0.081176468 0.147574634 0.143059868 0.032193093 0.196370710 0.068089633 0.168243214
[526] 0.228890671 0.037013553 0.129379854 0.121442056 0.191684943 0.195379069 0.081412808
[533] 0.072646240 0.085614856 0.017424314 0.132606030 0.071258034 0.267958571 0.124622358
[540] 0.074387751 0.113031170 0.034206668 0.104565169 0.058225366 0.111598715 0.027823445
[547] 0.092247850 0.111288212 0.080816196 0.046699729 0.061433528 0.131391185 0.167430389
[554] 0.122417565 0.278822231 0.068991081 0.088149332 0.222439452 0.067413459 0.059339749
[561] 0.034985265 0.172121205 0.045784123 0.050545001 0.037444572 0.141753348 0.080210326
[568] 0.081893539 0.034429880 0.047232858 0.138875787 0.043914866 0.087331430 0.055820621
[575] 0.108893150 0.041907311 0.079210531 0.054093501 0.060785973 0.194987100 0.029483542
[582] 0.062720650 0.072450801 0.039179382 0.238707848 0.169816501 0.181846902 0.184767633
[589] 0.116015551 0.034146835 0.035275207 0.058950520 0.049875706 0.239074748 0.114491324
[596] 0.173947302 0.161953074 0.081349983 0.016180722 0.084637792 0.023594964 0.098835848
[603] 0.076287174 0.110499383 0.229362508 0.026676137 0.216014448 0.142497691 0.048203076
[610] 0.082407554 0.083485499 0.100890527 0.039840597 0.157361591 0.056236877 0.050389290
[617] 0.163471401 0.057017380 0.046196057 0.159234142 0.060489921 0.246098925 0.162653002
[624] 0.058919051 0.104595228 0.052310173 0.049387997 0.092667148 0.055457800 0.051780078
[631] 0.030111726 0.058417173 0.201949157 0.263245400 0.031810472 0.182400667 0.111185995
[638] 0.106133721 0.085368208 0.046568543 0.106098958 0.136200363 0.068924463 0.074302700
[645] 0.073051931 0.071505953 0.123699050 0.315214570 0.106925183 0.199194127 0.034276276
[652] 0.027941417 0.015028169 0.077297495 0.108877198 0.012516569 0.064796043 0.083831219
[659] 0.064139430 0.129321177 0.054627284 0.059865528 0.036359138 0.102699626 0.034687196
[666] 0.100583664 0.070916665 0.015381076 0.099274101 0.063401015 0.041396478 0.086700600
[673] 0.042076424 0.146129726 0.128321528 0.048403089 0.057327001 0.055607381 0.005579285
[680] 0.062397787 0.191397178 0.152914130 0.248238588 0.028857768 0.072250561 0.022566906
[687] 0.153301473 0.047254597 0.030309226 0.167907393 0.144470824 0.032161400 0.033516381
[694] 0.061039605 0.074802941 0.138802105 0.017054805 0.165447501 0.060681915 0.053948356
[701] 0.208681886 0.077366180 0.216090881 0.230728636 0.055772462 0.264993540 0.162693390
[708] 0.138602175 0.020212799 0.034733801 0.058644856 0.062865183 0.058407331 0.188784012
[715] 0.189949648 0.040263711 0.040695648 0.009371322 0.008306435 0.216767799 0.016689789
[722] 0.028708247 0.045852874 0.047839708 0.011172973 0.249304504 0.024725339 0.080498870
[729] 0.258663655 0.071258653 0.123059952 0.035790124 0.034383765 0.100733169 0.070383671
[736] 0.073177742 0.054268586 0.194770285 0.036443263 0.045709221 0.046511703 0.055774509
[743] 0.039179188 0.061310792 0.198828138 0.095646603 0.070198744 0.144565589 0.097990793
[750] 0.010918259 0.089752970 0.127966408 0.225499189 0.147113037 0.129529164 0.059791455
[757] 0.048744399 0.091286509 0.151661715 0.205310843 0.186627715 0.040772429 0.078593237
[764] 0.163148082 0.063920244 0.236313645 0.023261777 0.026811372 0.045832062 0.053440605
[771] 0.100016674 0.070631963 0.099667499 0.212523127 0.163494919 0.260841535 0.017493693
[778] 0.025180808 0.105840299 0.132167565 0.060128478 0.061007534 0.048391225 0.060426278
[785] 0.054634118 0.066527134 0.061464474 0.091302965 0.116387076 0.119691109 0.056003980
[792] 0.144661248 0.135245235 0.088192730 0.055274782 0.043726045 0.148258340 0.107062154
[799] 0.094941446 0.111776897 0.147709015 0.022801862 0.043272447 0.032453737 0.102424796
[806] 0.058688978 0.081456176 0.206008921 0.185419203 0.067079685 0.124685012 0.068060880
[813] 0.071837343 0.154677863 0.022664267 0.046271487 0.065800800 0.068098993 0.045510991
[820] 0.079109220 0.086384394 0.176363688 0.176603004 0.069962769 0.199335764 0.234620539
[827] 0.058665356 0.175066227 0.120284006 0.052946448 0.201205422 0.175303153 0.108526513
[834] 0.265836554 0.032027078 0.034433685 0.058633396 0.182913564 0.065324677 0.042575055
[841] 0.177487490 0.108508271 0.045532261 0.037467311 0.024487207 0.268484080 0.126671413
[848] 0.076144140 0.079493833 0.193077525 0.173681887 0.143897118 0.169686819 0.080214471
[855] 0.087032816 0.159296639 0.088066030 0.044674514 0.085185617 0.024068376 0.093788814
[862] 0.088153676 0.230391685 0.149247704 0.121396022 0.150085371 0.022203318 0.127504347
[869] 0.077972040 0.032242459 0.121748297 0.129132049 0.192926176 0.174712499 0.022686373
[876] 0.049713274 0.092157100 0.075518788 0.162664566 0.041355145 0.144235171 0.067342705
[883] 0.079268957 0.103250723 0.083523567 0.091070360 0.025597673 0.265608926 0.023296198
[890] 0.041236814 0.103152982 0.013929214 0.054502031 0.223863625 0.144019892 0.105604173
[897] 0.278863710 0.053358579 0.033038936 0.082160877 0.040947953 0.029510129 0.092335573
[904] 0.037775560 0.029731157 0.081523089 0.037279971 0.216660532 0.102732185 0.173023572
[911] 0.108331209 0.195625583 0.119390897 0.027251833 0.032748913 0.116264476 0.069016145
[918] 0.113860191 0.143416796 0.105901502 0.013597689 0.113934243 0.032811003 0.063247067
[925] 0.049121692 0.182369050 0.224644469 0.141846064 0.114849572 0.153846817 0.176882911
[932] 0.059405253 0.105782234 0.056295740 0.020949937 0.163671086 0.059237091 0.160697627
[939] 0.135149965 0.208825048 0.087982537 0.171990995 0.069387749 0.022745018 0.145148855
[946] 0.085798054 0.118296516 0.021128155 0.049837861 0.073513219 0.046295697 0.049484591
[953] 0.091254564 0.209248939 0.139578525 0.106618784 0.035742522 0.175258035 0.041545284
[960] 0.138345849 0.122819101 0.109714224 0.147619445 0.009419789 0.097691909 0.095150468
[967] 0.226868110 0.150828294 0.080577195 0.199850565 0.133581119 0.084335984 0.067826756
[974] 0.144282385 0.179323794 0.117129946 0.089986391 0.104626185 0.222977645 0.096837533
[981] 0.120760448 0.113422927 0.052177842 0.109223389 0.106233489 0.007052497 0.084129670
[988] 0.134964216 0.236094455 0.098377424 0.132350387 0.017842504 0.211126932 0.100343416
[995] 0.122565861 0.079617869 0.107921951 0.026221145 0.145904948

$sig
  env 
0.323 

attr(,"class")
[1] "palaeoSig"
