
	Bootstrap results for palaeoecological models

Model type: MAT 
Weighted mean: FALSE 
Number of bootstrap cycles: 100 

Leave-one-out and bootstrap-derived error estimates:

          k RMSEP   S1   S2 r.squared avg.bias max.bias
LOO       4  2.18    -    -     0.783    0.253    -3.79
Bootstrap 4  2.44 1.12 2.17     0.886    0.298    -3.94


	Modern Analogue Technique predictions

Dissimilarity: SQchord 
k-closest analogues: 4,	Chosen automatically? FALSE
Weighted mean: FALSE 
Bootstrap estimates: FALSE 

Model error estimates:
    RMSEP r.squared  avg.bias  max.bias 
    2.180     0.783     0.253    -3.787 

Predicted values:
    2     6    10    14    18    22    30    34    38    42    46    50    54    58    62    66    70    74 
-30.0 -30.1 -30.3 -29.9 -30.2 -37.8 -31.7 -29.1 -29.8 -33.7 -32.6 -29.1 -35.0 -29.3 -29.1 -32.0 -29.1 -31.2 
   78    82    86    90    94    98   102   106   110   114   118   122   126   130   134   138   142   146 
-30.1 -29.8 -29.3 -29.3 -29.3 -29.8 -31.5 -31.5 -32.5 -29.4 -32.9 -29.0 -30.3 -28.9 -28.7 -30.4 -29.4 -28.7 
  150   154   158   162   166   170   174   178   182   186   190   194   198   202   206   210   214 
-28.8 -29.0 -28.9 -28.7 -28.9 -31.4 -28.9 -28.7 -28.9 -28.5 -28.7 -28.7 -29.0 -30.3 -28.6 -28.7 -28.7 
$PCA
Call: rda(X = fos)

              Inertia Rank
Total           1.101     
Unconstrained   1.101   31
Inertia is variance 

Eigenvalues for unconstrained axes:
   PC1    PC2    PC3    PC4    PC5    PC6    PC7    PC8 
0.5297 0.2523 0.1069 0.0847 0.0657 0.0365 0.0128 0.0107 
(Showing 8 of 31 unconstrained eigenvalues)


$preds
$preds$env
      2       6      10      14      18      22      30      34      38      42      46      50      54 
-30.000 -30.050 -30.275 -29.850 -30.225 -37.750 -31.700 -29.075 -29.750 -33.700 -32.575 -29.075 -35.050 
     58      62      66      70      74      78      82      86      90      94      98     102     106 
-29.325 -29.075 -32.025 -29.075 -31.150 -30.050 -29.750 -29.325 -29.325 -29.325 -29.825 -31.450 -31.525 
    110     114     118     122     126     130     134     138     142     146     150     154     158 
-32.450 -29.425 -32.875 -29.025 -30.300 -28.875 -28.700 -30.350 -29.425 -28.700 -28.750 -29.025 -28.850 
    162     166     170     174     178     182     186     190     194     198     202     206     210 
-28.700 -28.875 -31.400 -28.925 -28.700 -28.900 -28.450 -28.725 -28.725 -29.025 -30.300 -28.650 -28.725 
    214 
-28.675 


$MAX
      PC1 
0.4811067 

$EX
      env 
0.1462511 

$eig1
      env 
0.3949414 

$sim.ex
  [1] 0.101399732 0.075726155 0.031007201 0.144433519 0.021425933 0.050204009 0.081189404 0.058215102
  [9] 0.084858716 0.069187521 0.103232149 0.122502819 0.063877518 0.058311575 0.031928084 0.039772306
 [17] 0.248168393 0.059053616 0.115533030 0.061401245 0.050856625 0.233240584 0.049851621 0.161089441
 [25] 0.030103479 0.113353995 0.086089997 0.070145110 0.096964732 0.124955580 0.113394210 0.041452077
 [33] 0.045134568 0.024047376 0.074531409 0.070441578 0.076658728 0.098391484 0.170992854 0.065281065
 [41] 0.051259727 0.127759653 0.035767548 0.123109237 0.057569852 0.087744751 0.132035405 0.143739717
 [49] 0.180165369 0.081056697 0.075314420 0.052047227 0.179785666 0.115003395 0.201769478 0.118699980
 [57] 0.047961645 0.055590481 0.052360346 0.063743865 0.149975826 0.039313198 0.122655612 0.126052313
 [65] 0.055668015 0.047145917 0.094578860 0.044467101 0.069784894 0.039885842 0.061898179 0.052779797
 [73] 0.117764693 0.040037568 0.082288246 0.127508345 0.194381027 0.086149092 0.246828073 0.147539851
 [81] 0.235362617 0.088117419 0.024802663 0.068570408 0.061983613 0.129028081 0.146770555 0.057210027
 [89] 0.016326898 0.096379420 0.019546868 0.115435590 0.020587672 0.088739567 0.163653734 0.202150142
 [97] 0.036271760 0.061362676 0.141778733 0.182369687 0.154728215 0.037453266 0.060803261 0.056286399
[105] 0.290020402 0.069875541 0.142472292 0.083936784 0.100543622 0.016610511 0.058735290 0.115242065
[113] 0.065561818 0.022433737 0.193723193 0.018368152 0.228582992 0.031400397 0.113052947 0.090446348
[121] 0.069342858 0.055986341 0.082544379 0.025124439 0.053008915 0.175271916 0.148403228 0.266286345
[129] 0.030705666 0.080422449 0.057570701 0.102497181 0.057955475 0.029673118 0.200964549 0.084433623
[137] 0.078391401 0.080295598 0.065391065 0.016639990 0.068820019 0.072368301 0.054544575 0.196941410
[145] 0.177033351 0.020428246 0.069095485 0.149233679 0.097204214 0.106634933 0.105809786 0.199134460
[153] 0.181663236 0.109519511 0.153565163 0.180352520 0.020166530 0.165313970 0.031847067 0.021306712
[161] 0.091946572 0.056560966 0.060387514 0.172586929 0.040595513 0.126321585 0.096691613 0.098647444
[169] 0.063557858 0.027919521 0.050752371 0.031581193 0.183784368 0.155630778 0.093738207 0.043027449
[177] 0.099836799 0.032777207 0.023521239 0.059306893 0.154955758 0.039429221 0.052412995 0.061146354
[185] 0.175489530 0.164558284 0.182605165 0.195338568 0.030046755 0.115504841 0.031370348 0.100372948
[193] 0.079423571 0.127806387 0.088698663 0.216224352 0.111370576 0.016680284 0.099173890 0.127665552
[201] 0.077513615 0.165238150 0.120253572 0.075126192 0.086066628 0.136437862 0.099913329 0.081960155
[209] 0.111377590 0.075713647 0.054823535 0.030264370 0.099032433 0.028703542 0.149161484 0.016001386
[217] 0.090956065 0.047248209 0.183166133 0.057075559 0.029565020 0.029809567 0.045115849 0.028254043
[225] 0.060243205 0.100253994 0.024300842 0.157110705 0.050907669 0.144141326 0.044737925 0.056519774
[233] 0.039506926 0.206231616 0.029771274 0.063895098 0.144385196 0.044242422 0.127164969 0.119179757
[241] 0.018432552 0.037421958 0.023285226 0.169612109 0.199816160 0.085634644 0.154637002 0.265997059
[249] 0.038675746 0.067353639 0.082068306 0.239152216 0.160809947 0.083740529 0.055513427 0.110052910
[257] 0.056928198 0.199449793 0.133903584 0.125186170 0.031410536 0.030534054 0.080848738 0.012653786
[265] 0.151901380 0.121892357 0.215214685 0.162371192 0.244035936 0.078190012 0.084833818 0.062425126
[273] 0.067682874 0.112100331 0.060935663 0.075217019 0.142261372 0.126924314 0.022005480 0.023710726
[281] 0.037437452 0.054600755 0.052884914 0.201324428 0.071826461 0.068124541 0.056085141 0.092577202
[289] 0.063542476 0.166626476 0.160303216 0.252708621 0.008686240 0.046365205 0.128619165 0.074230039
[297] 0.054324283 0.106056690 0.164106073 0.058933082 0.279890980 0.222758892 0.183666905 0.078820133
[305] 0.164538554 0.079037912 0.025676185 0.087046412 0.042802385 0.163255223 0.099282372 0.078198245
[313] 0.165486575 0.019740995 0.139524912 0.144452646 0.125394704 0.087839910 0.008068701 0.119151679
[321] 0.074810219 0.029044895 0.212246120 0.056566706 0.148260334 0.141592036 0.196044484 0.050162894
[329] 0.187436125 0.071320068 0.012052510 0.059064062 0.082713310 0.146113631 0.213222188 0.189654688
[337] 0.154811645 0.076093551 0.168132529 0.053230879 0.031692598 0.093213844 0.049985772 0.005624133
[345] 0.098392515 0.027468336 0.238109221 0.026503794 0.018477367 0.100815155 0.176870506 0.163165572
[353] 0.124229788 0.139792989 0.076783962 0.175029873 0.132008541 0.017980865 0.156209270 0.098500804
[361] 0.063126143 0.067136100 0.017883524 0.007692044 0.140957912 0.165227114 0.073782706 0.175061365
[369] 0.067551639 0.006725549 0.022672821 0.079984659 0.059309589 0.061949841 0.066773969 0.054516501
[377] 0.029020327 0.108913480 0.093466281 0.155468559 0.085247668 0.173888972 0.100194935 0.060157715
[385] 0.046744788 0.105990084 0.158676563 0.066827378 0.168010869 0.013430633 0.021766810 0.155274596
[393] 0.098782277 0.093139084 0.184954402 0.085919641 0.050601834 0.146759998 0.188799146 0.206005364
[401] 0.149827457 0.023505756 0.184869867 0.140200195 0.066320124 0.138217810 0.039852937 0.175618983
[409] 0.088960863 0.053472439 0.100548793 0.155556967 0.112346974 0.128405496 0.148909881 0.021994329
[417] 0.099262656 0.223606415 0.068923215 0.017695013 0.113530154 0.023785735 0.117044869 0.019824927
[425] 0.116673060 0.024755442 0.070761164 0.025785815 0.047514929 0.115398135 0.128270380 0.061827071
[433] 0.045823276 0.077289919 0.053620232 0.226655694 0.191095019 0.169807817 0.165293334 0.118346412
[441] 0.120517829 0.086012125 0.042675471 0.086121273 0.039529687 0.229397886 0.149704295 0.084892683
[449] 0.227050034 0.022847234 0.125325002 0.233802264 0.061116724 0.068921394 0.132591582 0.045310555
[457] 0.175532382 0.218542176 0.063806776 0.232900428 0.008863632 0.059545983 0.139175246 0.050673011
[465] 0.086477137 0.179702980 0.115095979 0.085595500 0.220192727 0.141086214 0.032169835 0.031330583
[473] 0.194871103 0.086330951 0.050594787 0.042856857 0.214295907 0.044221239 0.087422483 0.025940610
[481] 0.079268882 0.035006625 0.032304979 0.056867912 0.066335920 0.103907759 0.065049709 0.055280286
[489] 0.039965825 0.041714290 0.030519622 0.087377638 0.122426133 0.049524171 0.037964833 0.134179097
[497] 0.102329162 0.026758124 0.080931519 0.068179370 0.053390809 0.060683001 0.110781578 0.039778799
[505] 0.034723489 0.060162218 0.064484349 0.208651087 0.078421221 0.114296952 0.040741208 0.016376960
[513] 0.036825878 0.173714794 0.079767590 0.218290349 0.150020824 0.158840639 0.042982643 0.034217237
[521] 0.125109867 0.131675698 0.047541254 0.114454840 0.030025882 0.062156418 0.053144352 0.153373405
[529] 0.102085537 0.023202208 0.022641655 0.067421287 0.210822987 0.121064406 0.068791125 0.173444266
[537] 0.279118846 0.122457136 0.280456848 0.069246190 0.179171980 0.249107323 0.158074071 0.091061178
[545] 0.085226217 0.033635599 0.170622380 0.100442682 0.075651209 0.081917776 0.044982994 0.071397217
[553] 0.082522277 0.226756004 0.050480143 0.106009789 0.086534417 0.059183252 0.052838775 0.043128589
[561] 0.191022815 0.185889170 0.066337333 0.013703754 0.035048330 0.072214704 0.127830097 0.101222814
[569] 0.065404210 0.134040197 0.148988082 0.030866584 0.041672646 0.150520856 0.028644050 0.036404498
[577] 0.045134368 0.074996933 0.088703100 0.110424635 0.033818297 0.088637495 0.129580238 0.071285988
[585] 0.140591509 0.077587402 0.100944581 0.109716812 0.030041420 0.052822111 0.091140886 0.096130280
[593] 0.141383795 0.096427108 0.047696772 0.139283921 0.026330780 0.070799990 0.049422354 0.099740154
[601] 0.104765112 0.174682124 0.056323657 0.212956359 0.073313414 0.029900606 0.207623115 0.039698031
[609] 0.037035945 0.127991694 0.229089594 0.062145496 0.049072739 0.067913842 0.228636987 0.047502294
[617] 0.047304827 0.039615612 0.035524014 0.034399697 0.184221336 0.057449516 0.090773367 0.181699319
[625] 0.015978059 0.120924894 0.130007921 0.152438538 0.186121160 0.063124929 0.116778209 0.094481903
[633] 0.114987791 0.142251291 0.258970480 0.067900552 0.098438027 0.142844931 0.035076595 0.077311874
[641] 0.069037894 0.217233154 0.018248228 0.048793128 0.050246411 0.098743650 0.056778727 0.097008789
[649] 0.071367078 0.098332104 0.169607326 0.093792676 0.073490691 0.133698043 0.152523180 0.023733520
[657] 0.208553336 0.027851278 0.130810316 0.118495848 0.098884954 0.050102164 0.080170901 0.049843986
[665] 0.082080561 0.108652530 0.133963259 0.061292669 0.176015368 0.075597489 0.056758547 0.203392646
[673] 0.155401168 0.031637838 0.098977215 0.011566805 0.033390979 0.241808076 0.025978217 0.035036699
[681] 0.041968054 0.197683846 0.026240571 0.117225699 0.128306976 0.168636913 0.176896283 0.152090275
[689] 0.159819442 0.066514702 0.044113303 0.069025607 0.069649868 0.200400917 0.056959174 0.063700263
[697] 0.213379323 0.073661355 0.078228449 0.097634509 0.089125192 0.046285929 0.022838854 0.067300949
[705] 0.065214527 0.049090956 0.049087317 0.046417496 0.098830158 0.198634484 0.037236919 0.080099667
[713] 0.131105489 0.070362489 0.040194991 0.035659359 0.068841066 0.049144040 0.110593035 0.054779588
[721] 0.020582586 0.179897392 0.090944076 0.220756132 0.106963072 0.116792380 0.102119981 0.126905633
[729] 0.051156985 0.079725844 0.055259445 0.240668006 0.179693362 0.029899271 0.212205401 0.045556585
[737] 0.131994780 0.141818292 0.176659711 0.103700853 0.098706414 0.049321439 0.055359345 0.042037872
[745] 0.145271305 0.087548247 0.065064983 0.098038449 0.042128563 0.152589802 0.022163054 0.065369187
[753] 0.187328544 0.136902606 0.145305835 0.042256786 0.210790964 0.035205178 0.093195793 0.084811173
[761] 0.109706341 0.030615226 0.087824976 0.078811221 0.097371144 0.074602626 0.037818896 0.221473196
[769] 0.119741319 0.057014222 0.132096124 0.025011876 0.117983033 0.045197460 0.152668882 0.024470029
[777] 0.052607856 0.059272245 0.120775333 0.215206254 0.089467857 0.095372484 0.099630751 0.178855143
[785] 0.169218613 0.189475200 0.094896539 0.144035656 0.116300680 0.158252489 0.253706121 0.042768232
[793] 0.108484787 0.157826404 0.062818476 0.075882419 0.068734617 0.055753074 0.029394262 0.122940865
[801] 0.203763593 0.024036007 0.102034421 0.177246597 0.054852120 0.052460697 0.082726720 0.126950971
[809] 0.131172702 0.220704783 0.158608143 0.167904161 0.031138256 0.031801941 0.144366460 0.086703977
[817] 0.217471049 0.022297782 0.086590306 0.022399637 0.102457530 0.103726677 0.049408954 0.033359178
[825] 0.060167649 0.089018492 0.073179803 0.127759066 0.145323699 0.091859904 0.052029527 0.218265805
[833] 0.012304362 0.174527412 0.157273432 0.192535236 0.157978400 0.036782495 0.123882934 0.076922401
[841] 0.081872281 0.072407581 0.044450589 0.017941193 0.083761553 0.108535450 0.067987390 0.048026247
[849] 0.044206566 0.055656672 0.038817319 0.125386700 0.028471988 0.047262551 0.054810474 0.041780084
[857] 0.046654803 0.164250614 0.208692270 0.114625159 0.041638792 0.090520639 0.018918056 0.055524656
[865] 0.062142640 0.014816277 0.168705052 0.138197460 0.131747170 0.031996127 0.097604811 0.042388136
[873] 0.176016363 0.143664313 0.109736123 0.073234410 0.117235689 0.125616790 0.122458508 0.070051113
[881] 0.272989021 0.120408717 0.106501227 0.177192707 0.109135699 0.084007371 0.081105006 0.061956160
[889] 0.068470373 0.110766176 0.018973098 0.180970935 0.069238990 0.144464566 0.228651927 0.124788371
[897] 0.043205043 0.027056080 0.099664269 0.065362718 0.027355641 0.183647074 0.085367895 0.043206330
[905] 0.038723200 0.153311926 0.037875401 0.096328699 0.079683958 0.060045245 0.056471781 0.153440454
[913] 0.034354748 0.077330265 0.120209337 0.092429195 0.135353731 0.227626094 0.037572134 0.092970275
[921] 0.123507246 0.117860327 0.059663146 0.147241955 0.120488466 0.188833356 0.098917210 0.015280747
[929] 0.042850764 0.210034266 0.194098189 0.099663284 0.080753430 0.102830297 0.159651549 0.116566510
[937] 0.047227080 0.039604716 0.115312081 0.049635365 0.117489899 0.056094767 0.043362816 0.023001097
[945] 0.014657642 0.053732846 0.121088291 0.109119973 0.074262395 0.163422375 0.029430167 0.031506530
[953] 0.111046833 0.115305419 0.034302390 0.125744952 0.087509948 0.098355481 0.036807871 0.108200659
[961] 0.083332752 0.072217469 0.099161154 0.066641016 0.040692709 0.111215465 0.014986991 0.022986009
[969] 0.020491199 0.028505285 0.188691041 0.135901670 0.156776165 0.023754875 0.121083922 0.043823865
[977] 0.170428326 0.038709460 0.146673371 0.032510575 0.188246006 0.074698558 0.134051668 0.024371815
[985] 0.086892250 0.079985835 0.038604805 0.100048132 0.144848772 0.064688116 0.036184129 0.066801312
[993] 0.130093618 0.034727545 0.258093602 0.197079063 0.103194849 0.145474885 0.108719460

$sig
  env 
0.213 

attr(,"class")
[1] "palaeoSig"
