
	Bootstrap results for palaeoecological models

Model type: MAT 
Weighted mean: FALSE 
Number of bootstrap cycles: 100 

Leave-one-out and bootstrap-derived error estimates:

          k RMSEP    S1   S2 r.squared avg.bias max.bias
LOO       4  1.09     -    -     0.835  -0.1017     6.35
Bootstrap 5  1.24 0.488 1.14     0.905  -0.0916     6.71


	Modern Analogue Technique predictions

Dissimilarity: SQchord 
k-closest analogues: 5,	Chosen automatically? FALSE
Weighted mean: FALSE 
Bootstrap estimates: FALSE 

Model error estimates:
    RMSEP r.squared  avg.bias  max.bias 
   1.1391    0.8178   -0.0761    6.8600 

Predicted values:
   2    6   10   14   18   22   30   34   38   42   46   50   54   58   62   66   70   74   78   82   86   90 
13.3 12.9 13.9 12.9 14.2 17.3 14.5 16.4 16.8 16.0 16.8 17.1 14.0 17.5 17.0 17.4 16.8 16.6 17.2 16.8 17.4 17.4 
  94   98  102  106  110  114  118  122  126  130  134  138  142  146  150  154  158  162  166  170  174  178 
17.4 15.2 16.6 14.4 15.3 16.3 13.2 15.1 15.8 14.5 15.3 15.2 16.3 15.3 14.9 14.3 14.3 14.7 14.3 12.2 14.6 14.7 
 182  186  190  194  198  202  206  210  214 
14.8 16.2 14.3 14.3 14.3 16.1 16.1 14.1 15.1 
$PCA
Call: rda(X = fos)

              Inertia Rank
Total           1.101     
Unconstrained   1.101   31
Inertia is variance 

Eigenvalues for unconstrained axes:
   PC1    PC2    PC3    PC4    PC5    PC6    PC7    PC8 
0.5297 0.2523 0.1069 0.0847 0.0657 0.0365 0.0128 0.0107 
(Showing 8 of 31 unconstrained eigenvalues)


$preds
$preds$env
    2     6    10    14    18    22    30    34    38    42    46    50    54    58    62    66    70    74 
13.28 12.88 13.88 12.92 14.18 17.32 14.52 16.38 16.76 16.00 16.78 17.06 13.96 17.52 16.96 17.38 16.78 16.64 
   78    82    86    90    94    98   102   106   110   114   118   122   126   130   134   138   142   146 
17.18 16.76 17.42 17.42 17.42 15.22 16.62 14.44 15.30 16.28 13.24 15.14 15.78 14.50 15.32 15.22 16.28 15.32 
  150   154   158   162   166   170   174   178   182   186   190   194   198   202   206   210   214 
14.88 14.30 14.30 14.68 14.30 12.24 14.58 14.68 14.80 16.20 14.30 14.30 14.30 16.08 16.08 14.12 15.08 


$MAX
      PC1 
0.4811067 

$EX
      env 
0.1942616 

$eig1
      env 
0.3863037 

$sim.ex
  [1] 0.089815455 0.038667794 0.177321847 0.056658556 0.015968507 0.118491933 0.190947895 0.186896570
  [9] 0.093495457 0.208648772 0.015587893 0.120678135 0.086932986 0.193740074 0.136196751 0.165524091
 [17] 0.064732899 0.098562693 0.112892461 0.028529843 0.264621240 0.042075357 0.040839178 0.037645943
 [25] 0.068344617 0.053351653 0.071323148 0.080502901 0.192152454 0.058415004 0.097100798 0.040796257
 [33] 0.054084447 0.074621170 0.099245136 0.047729966 0.058497251 0.170760921 0.088493801 0.042462915
 [41] 0.065625670 0.026239477 0.108471665 0.036455379 0.130826079 0.044178629 0.052720896 0.120626675
 [49] 0.164064606 0.090836502 0.040240393 0.054229337 0.050138194 0.079967643 0.124546485 0.200775377
 [57] 0.135740384 0.119585149 0.168279240 0.136857995 0.125899464 0.226242121 0.157476336 0.173996755
 [65] 0.083212972 0.128072965 0.015041193 0.077032004 0.052293607 0.023362685 0.063733200 0.053465662
 [73] 0.110884649 0.041487840 0.020350647 0.068785305 0.132781511 0.022819199 0.140101611 0.056615232
 [81] 0.207679807 0.135970937 0.192942174 0.034848269 0.041410727 0.042296406 0.031885117 0.105980087
 [89] 0.044606640 0.091809003 0.050431578 0.019857590 0.190756582 0.013456352 0.194446905 0.032580504
 [97] 0.087287853 0.199511974 0.105414355 0.079685593 0.057116789 0.099867905 0.066154601 0.059121256
[105] 0.047795895 0.075884492 0.155231823 0.064369688 0.017740240 0.138035011 0.094863534 0.071653912
[113] 0.025812506 0.183823581 0.248717172 0.041083341 0.104667982 0.034472875 0.081748359 0.104247818
[121] 0.027610161 0.159853753 0.187614123 0.124784370 0.048236710 0.050114986 0.025125989 0.166269473
[129] 0.082555165 0.048135793 0.083835475 0.169374343 0.054544265 0.115284309 0.135262283 0.063712900
[137] 0.179768686 0.160732712 0.052839543 0.064294439 0.026896491 0.020719358 0.083101802 0.095427494
[145] 0.087043253 0.057008838 0.019586022 0.011475062 0.062613282 0.144071323 0.060900851 0.035151481
[153] 0.161247474 0.095376989 0.014752062 0.154977185 0.033093561 0.022910529 0.266114231 0.044913203
[161] 0.169204254 0.129654501 0.237545367 0.041127443 0.148595744 0.077031745 0.041744765 0.037027990
[169] 0.042935280 0.062308729 0.085186425 0.113500832 0.069137110 0.077845122 0.201419721 0.048368158
[177] 0.014197511 0.162140043 0.103272840 0.119371061 0.202353548 0.052457051 0.191996839 0.078633789
[185] 0.213880525 0.067343100 0.099215735 0.105174220 0.003569859 0.023410096 0.140743514 0.037012224
[193] 0.030765441 0.178170028 0.089555301 0.135759811 0.133423213 0.030277426 0.185341128 0.042803042
[201] 0.054816297 0.045949549 0.060658270 0.080242300 0.067339351 0.038868484 0.119407292 0.114929430
[209] 0.202178550 0.052782515 0.023936381 0.216878054 0.061221041 0.050186719 0.029600773 0.066099882
[217] 0.037119164 0.101441632 0.057223329 0.045872322 0.223629790 0.061351546 0.029304122 0.072030522
[225] 0.021196520 0.043184105 0.207374717 0.024985196 0.005120396 0.098570904 0.077677014 0.030126538
[233] 0.070692038 0.234757273 0.078818395 0.017636614 0.278966041 0.047955446 0.090748041 0.050553065
[241] 0.058527498 0.046477163 0.205784700 0.005908408 0.148501469 0.178356310 0.099351087 0.111375023
[249] 0.075643680 0.053693457 0.037282553 0.081235086 0.133589904 0.072032405 0.121191955 0.128402284
[257] 0.109055381 0.102448591 0.082303368 0.062235918 0.134066542 0.073572125 0.046576954 0.189830112
[265] 0.060785490 0.098065674 0.044210142 0.085263180 0.126028705 0.062428028 0.077718108 0.135381648
[273] 0.065735440 0.215552419 0.035355260 0.072913630 0.033882772 0.122006556 0.125339672 0.092182510
[281] 0.163578921 0.011905630 0.216204445 0.060325932 0.040994351 0.027627172 0.109236200 0.045560405
[289] 0.064492417 0.026763019 0.074379014 0.105856674 0.115663309 0.016133505 0.048393103 0.014506843
[297] 0.140628078 0.092643585 0.142572650 0.023139089 0.059856849 0.093122971 0.136173652 0.049516192
[305] 0.049634087 0.122424580 0.086830992 0.225655777 0.105078761 0.099703690 0.041261194 0.126132054
[313] 0.123341788 0.115028765 0.039319721 0.100316201 0.084236374 0.106237349 0.060919184 0.101140969
[321] 0.053521882 0.026338817 0.051003456 0.039737228 0.181513479 0.046173239 0.035870494 0.091822229
[329] 0.019310808 0.033598986 0.070212121 0.049658353 0.125191009 0.059974181 0.176252181 0.107762630
[337] 0.069269848 0.222877335 0.064078104 0.073272251 0.047400067 0.165751444 0.048781651 0.106098627
[345] 0.114243071 0.051418415 0.035625964 0.065543551 0.073196390 0.076827326 0.060727458 0.048387319
[353] 0.047627520 0.024184864 0.006514709 0.029571979 0.025641850 0.070888724 0.159522177 0.050810251
[361] 0.131904037 0.082269832 0.085763508 0.038950917 0.028260698 0.028425020 0.207178256 0.054220590
[369] 0.069200743 0.124646927 0.019126360 0.118580129 0.081358689 0.092768946 0.041812356 0.085116008
[377] 0.037436695 0.097334492 0.129412255 0.136066883 0.056805420 0.046650962 0.030621238 0.139173730
[385] 0.016634186 0.100106609 0.120724249 0.048234471 0.016708997 0.081366248 0.074275568 0.101698558
[393] 0.051068447 0.106616818 0.086789729 0.072945094 0.042302799 0.060603983 0.090875705 0.078550024
[401] 0.042887420 0.008103868 0.132463579 0.107164235 0.085689295 0.235252259 0.074878938 0.074723013
[409] 0.070350051 0.143821362 0.164682861 0.048244604 0.072229167 0.113863179 0.067050652 0.039585109
[417] 0.008248645 0.043896533 0.082373360 0.118301722 0.153251429 0.057258871 0.145529203 0.074943871
[425] 0.067034062 0.039511661 0.166639357 0.199290982 0.023368665 0.052766411 0.106275060 0.162039631
[433] 0.304231072 0.022980988 0.059207280 0.185249784 0.189784407 0.069544561 0.057059267 0.026873727
[441] 0.086892433 0.189404175 0.082850254 0.157785332 0.021066470 0.194342495 0.049258251 0.182207561
[449] 0.042096920 0.025929528 0.035777198 0.289066643 0.287306784 0.100707757 0.177891532 0.069314001
[457] 0.131871723 0.170100187 0.083414944 0.053111684 0.034487820 0.029650981 0.052090711 0.041068948
[465] 0.041281645 0.116769857 0.069191811 0.098598357 0.171744847 0.098351268 0.043113976 0.123344002
[473] 0.179403708 0.069700880 0.107248930 0.182596703 0.236651723 0.078694639 0.057802201 0.167415998
[481] 0.181428492 0.167337976 0.108980139 0.045203759 0.102965440 0.117886617 0.032140343 0.020765772
[489] 0.018241289 0.105071485 0.041129202 0.040513847 0.173325715 0.037556429 0.147523986 0.160239727
[497] 0.099806679 0.177454875 0.104743040 0.039998535 0.184395446 0.048758559 0.130004105 0.052247882
[505] 0.046655741 0.078621138 0.130277286 0.020144906 0.038702922 0.106240382 0.215588398 0.112205632
[513] 0.043797635 0.112970935 0.103236435 0.080418656 0.058096236 0.068455754 0.097346433 0.110235385
[521] 0.029177463 0.083219572 0.088495050 0.056044480 0.147683109 0.060592655 0.044596467 0.054079864
[529] 0.134640524 0.056305873 0.117188191 0.093925663 0.050942209 0.045989328 0.023685431 0.036986963
[537] 0.041648294 0.103583825 0.030677056 0.245280723 0.072721671 0.126124942 0.043050066 0.276059510
[545] 0.091632485 0.069133881 0.115757538 0.067048484 0.072591547 0.089826813 0.034581742 0.086120950
[553] 0.022342993 0.127340060 0.136289185 0.031995257 0.142197298 0.087752227 0.040566661 0.006109386
[561] 0.112468336 0.043924420 0.018785014 0.129176051 0.039387175 0.069484431 0.134152576 0.112917623
[569] 0.126519141 0.075168655 0.071822759 0.084797199 0.117147555 0.093076392 0.183161022 0.075118978
[577] 0.290360772 0.090003946 0.257832183 0.042163131 0.149401066 0.184553018 0.027454802 0.023561584
[585] 0.031714202 0.063898103 0.188199054 0.094627401 0.106345131 0.066434476 0.079538142 0.029916519
[593] 0.063625766 0.113084699 0.040525879 0.107755940 0.125335826 0.035680236 0.019907523 0.052840075
[601] 0.192923975 0.089777640 0.135544213 0.045308707 0.018726035 0.073306117 0.050590383 0.053174836
[609] 0.085101240 0.182383474 0.089490869 0.017700016 0.135943587 0.005548563 0.064246048 0.057680859
[617] 0.140917336 0.036419080 0.061088940 0.072204294 0.108820786 0.074506050 0.090119396 0.126564498
[625] 0.209315212 0.096574328 0.161325594 0.116013391 0.032264929 0.074325993 0.042237851 0.112589586
[633] 0.059206234 0.068721239 0.103843981 0.280807823 0.043478715 0.067385214 0.165865873 0.050949399
[641] 0.033520351 0.037114209 0.026021059 0.124434123 0.060275240 0.036129297 0.122200992 0.082862365
[649] 0.049342780 0.172922997 0.079445310 0.164520561 0.059867668 0.056431897 0.037026953 0.028565428
[657] 0.042710280 0.076018391 0.073850113 0.075199246 0.113046001 0.131600478 0.052883372 0.023236642
[665] 0.102961406 0.042250249 0.264081128 0.054531255 0.115195787 0.046106560 0.066609849 0.015566906
[673] 0.126136996 0.126983561 0.051668170 0.017572786 0.121769088 0.052288540 0.085134610 0.179768961
[681] 0.055227044 0.092559337 0.101098190 0.044989603 0.012433645 0.222269160 0.018824400 0.019371352
[689] 0.065798068 0.059431772 0.113987743 0.176373630 0.075932555 0.035728446 0.124126413 0.178707253
[697] 0.109928354 0.085482987 0.162915257 0.126537881 0.166353339 0.121389318 0.074011545 0.037740778
[705] 0.292375951 0.012812387 0.116540067 0.244077053 0.048374193 0.215788963 0.041701386 0.187126199
[713] 0.092005217 0.076876386 0.069706610 0.077663168 0.133054537 0.066762734 0.031888757 0.012707359
[721] 0.117038684 0.102896598 0.210628483 0.118197449 0.175324787 0.144838149 0.032393628 0.038834003
[729] 0.075299651 0.074852057 0.154387204 0.078067741 0.179887013 0.017899223 0.068315296 0.145647130
[737] 0.053611080 0.207508695 0.183435913 0.018779887 0.075269670 0.052607166 0.054992138 0.058669170
[745] 0.035363944 0.139049464 0.029686898 0.029699013 0.115041290 0.058056688 0.179167515 0.071848855
[753] 0.130894177 0.026345261 0.094879247 0.101300271 0.038558321 0.043731675 0.144632689 0.046444177
[761] 0.116174805 0.130718590 0.027248934 0.060249177 0.139509513 0.014344546 0.119423435 0.054812102
[769] 0.041374620 0.054407336 0.148559372 0.064245927 0.067300104 0.163252263 0.023263488 0.107086526
[777] 0.124851746 0.080048489 0.255847268 0.048353593 0.013134695 0.046198860 0.042971718 0.072920007
[785] 0.066352976 0.083172671 0.053197506 0.075219191 0.110303519 0.104467951 0.049732304 0.107898460
[793] 0.029666703 0.025410685 0.037973605 0.127675950 0.057702578 0.040291108 0.064576832 0.183579643
[801] 0.105441952 0.114863600 0.058019487 0.107067522 0.101210023 0.020169822 0.154133656 0.037689531
[809] 0.125069838 0.053214450 0.048181289 0.093381597 0.085033103 0.150764178 0.254294827 0.019008966
[817] 0.236398094 0.159140301 0.103265101 0.084487682 0.022527841 0.020096284 0.018237547 0.059686364
[825] 0.080565529 0.047758822 0.164131590 0.037664467 0.029929729 0.070677579 0.068422828 0.114373339
[833] 0.085481045 0.076167912 0.046095621 0.079840866 0.197209235 0.219883378 0.084881747 0.041813879
[841] 0.070137853 0.078048829 0.084061351 0.026447433 0.101865406 0.131036107 0.107963749 0.094545340
[849] 0.203639067 0.097006909 0.102400470 0.111776067 0.064536895 0.026013616 0.114632244 0.069321023
[857] 0.108089226 0.049738087 0.225642291 0.055801974 0.137619457 0.049402142 0.054826320 0.014785532
[865] 0.110609703 0.106992035 0.071983591 0.117311783 0.096521352 0.085633368 0.028018877 0.056322443
[873] 0.242406968 0.063982665 0.084835186 0.077345631 0.058048456 0.088772881 0.062213640 0.015521603
[881] 0.046236696 0.037311724 0.195232577 0.073741028 0.163476283 0.086143329 0.064133617 0.047012736
[889] 0.052220242 0.048253606 0.121595878 0.180845328 0.052051456 0.083748345 0.061239035 0.064015448
[897] 0.126388961 0.244737615 0.210755377 0.076147313 0.104056000 0.043229324 0.032769177 0.046299572
[905] 0.027275168 0.023166160 0.079272751 0.110817088 0.053331033 0.071069104 0.013801503 0.043628290
[913] 0.053941357 0.080716268 0.178971172 0.053616650 0.149231836 0.151657940 0.220720935 0.074948398
[921] 0.131971334 0.071346359 0.036077910 0.097935258 0.232725874 0.108844043 0.242486293 0.022519489
[929] 0.148369301 0.180040567 0.066922319 0.067277997 0.143673917 0.148415444 0.224883333 0.158786242
[937] 0.019211319 0.168996403 0.101710983 0.050974665 0.172826678 0.036183852 0.059015390 0.067844084
[945] 0.065739546 0.161958555 0.040447616 0.097860616 0.044978677 0.043666953 0.053380363 0.184828451
[953] 0.101464919 0.026081676 0.099256409 0.058634556 0.082498963 0.034476259 0.047828528 0.168093958
[961] 0.019555881 0.143835571 0.046377313 0.035306356 0.148339693 0.164596201 0.131992490 0.129525629
[969] 0.010034679 0.044633040 0.171662917 0.081222169 0.090744910 0.180747949 0.057754451 0.206648392
[977] 0.050715498 0.135279110 0.212728036 0.063050706 0.025188806 0.081410051 0.072341399 0.199985664
[985] 0.053734704 0.066609329 0.042891782 0.237781281 0.073737474 0.086554610 0.053301615 0.056143724
[993] 0.032731725 0.134913979 0.190173624 0.057076172 0.055356670 0.082285410 0.200197596

$sig
  env 
0.067 

attr(,"class")
[1] "palaeoSig"
