Cross-validating:
  |                                                                                           |                                                                                   |   0%  |                                                                                           |=                                                                                  |   1%  |                                                                                           |==                                                                                 |   2%  |                                                                                           |==                                                                                 |   3%  |                                                                                           |===                                                                                |   4%  |                                                                                           |====                                                                               |   5%  |                                                                                           |=====                                                                              |   6%  |                                                                                           |======                                                                             |   7%  |                                                                                           |=======                                                                            |   8%  |                                                                                           |=======                                                                            |   9%  |                                                                                           |========                                                                           |  10%  |                                                                                           |=========                                                                          |  11%  |                                                                                           |==========                                                                         |  12%  |                                                                                           |===========                                                                        |  13%  |                                                                                           |============                                                                       |  14%  |                                                                                           |============                                                                       |  15%  |                                                                                           |=============                                                                      |  16%  |                                                                                           |==============                                                                     |  17%  |                                                                                           |===============                                                                    |  18%  |                                                                                           |================                                                                   |  19%  |                                                                                           |=================                                                                  |  20%  |                                                                                           |=================                                                                  |  21%  |                                                                                           |==================                                                                 |  22%  |                                                                                           |===================                                                                |  23%  |                                                                                           |====================                                                               |  24%  |                                                                                           |=====================                                                              |  25%  |                                                                                           |======================                                                             |  26%  |                                                                                           |======================                                                             |  27%  |                                                                                           |=======================                                                            |  28%  |                                                                                           |========================                                                           |  29%  |                                                                                           |=========================                                                          |  30%  |                                                                                           |==========================                                                         |  31%  |                                                                                           |===========================                                                        |  32%  |                                                                                           |===========================                                                        |  33%  |                                                                                           |============================                                                       |  34%  |                                                                                           |=============================                                                      |  35%  |                                                                                           |==============================                                                     |  36%  |                                                                                           |===============================                                                    |  37%  |                                                                                           |================================                                                   |  38%  |                                                                                           |================================                                                   |  39%  |                                                                                           |=================================                                                  |  40%  |                                                                                           |==================================                                                 |  41%  |                                                                                           |===================================                                                |  42%  |                                                                                           |====================================                                               |  43%  |                                                                                           |=====================================                                              |  44%  |                                                                                           |=====================================                                              |  45%  |                                                                                           |======================================                                             |  46%  |                                                                                           |=======================================                                            |  47%  |                                                                                           |========================================                                           |  48%  |                                                                                           |=========================================                                          |  49%  |                                                                                           |==========================================                                         |  50%  |                                                                                           |==========================================                                         |  51%  |                                                                                           |===========================================                                        |  52%  |                                                                                           |============================================                                       |  53%  |                                                                                           |=============================================                                      |  54%  |                                                                                           |==============================================                                     |  55%  |                                                                                           |==============================================                                     |  56%  |                                                                                           |===============================================                                    |  57%  |                                                                                           |================================================                                   |  58%  |                                                                                           |=================================================                                  |  59%  |                                                                                           |==================================================                                 |  60%  |                                                                                           |===================================================                                |  61%  |                                                                                           |===================================================                                |  62%  |                                                                                           |====================================================                               |  63%  |                                                                                           |=====================================================                              |  64%  |                                                                                           |======================================================                             |  65%  |                                                                                           |=======================================================                            |  66%  |                                                                                           |========================================================                           |  67%  |                                                                                           |========================================================                           |  68%  |                                                                                           |=========================================================                          |  69%  |                                                                                           |==========================================================                         |  70%  |                                                                                           |===========================================================                        |  71%  |                                                                                           |============================================================                       |  72%  |                                                                                           |=============================================================                      |  73%  |                                                                                           |=============================================================                      |  74%  |                                                                                           |==============================================================                     |  75%  |                                                                                           |===============================================================                    |  76%  |                                                                                           |================================================================                   |  77%  |                                                                                           |=================================================================                  |  78%  |                                                                                           |==================================================================                 |  79%  |                                                                                           |==================================================================                 |  80%  |                                                                                           |===================================================================                |  81%  |                                                                                           |====================================================================               |  82%  |                                                                                           |=====================================================================              |  83%  |                                                                                           |======================================================================             |  84%  |                                                                                           |=======================================================================            |  85%  |                                                                                           |=======================================================================            |  86%  |                                                                                           |========================================================================           |  87%  |                                                                                           |=========================================================================          |  88%  |                                                                                           |==========================================================================         |  89%  |                                                                                           |===========================================================================        |  90%  |                                                                                           |============================================================================       |  91%  |                                                                                           |============================================================================       |  92%  |                                                                                           |=============================================================================      |  93%  |                                                                                           |==============================================================================     |  94%  |                                                                                           |===============================================================================    |  95%  |                                                                                           |================================================================================   |  96%  |                                                                                           |=================================================================================  |  97%  |                                                                                           |=================================================================================  |  98%  |                                                                                           |================================================================================== |  99%  |                                                                                           |===================================================================================| 100%

Method : Weighted Averaging
Call   : WA(y = modern_wa, x = parameter, mono = F, tolDW = F, use.N2 = F,  

     tol.cut = 0.01, check.data = T, lean = F) 

Tolerance DW       : No 
Monotonic deshrink : No 
No. samples        : 173 
No. species        : 48 
Cross val.         : bootstrap : no. boot cycles =  100 

Deshrinking regression coefficients:
      Inverse d/s Classical d/s
wa.b0     -0.9840        0.4160
wa.b1      2.9494        0.1745

Performance:
               RMSE      R2  Avg.Bias  Max.Bias    Skill
WA.inv       0.2169  0.5145    0.0000    0.3625  51.4545
WA.cla       0.3024  0.5145    0.0000    0.2755   5.6537
WA.inv_XVal  0.2279  0.4802    0.0003    0.3708  48.0060
WA.cla_XVal  0.3080  0.4851   -0.0022    0.2888   7.0782

$PCA
Call: rda(X = fos)

              Inertia Rank
Total              58     
Unconstrained      58   32
Inertia is variance 

Eigenvalues for unconstrained axes:
   PC1    PC2    PC3    PC4    PC5    PC6    PC7    PC8 
16.986 10.980  9.515  7.327  3.422  2.151  1.618  1.536 
(Showing 8 of 32 unconstrained eigenvalues)


$preds
$preds$env
       2        6       10       14       18       22       30       34       38       42 
379.7749 400.0217 503.8620 391.7400 396.3303 303.9954 450.3007 409.6028 408.8707 360.7516 
      46       50       54       58       62       66       70       74       78       82 
369.5562 362.7599 358.8937 376.1703 412.8882 384.3174 382.3221 410.7176 381.0425 413.4660 
      86       90       94       98      102      106      110      114      118      122 
430.5566 407.6647 479.4976 493.5817 398.5802 394.3271 390.4298 454.4494 387.9031 410.1382 
     126      130      134      138      142      146      150      154      158      162 
410.3253 465.9421 433.2110 433.3711 428.3120 406.8409 447.6274 443.9622 449.8403 410.7159 
     166      170      174      178      182      186      190      194      198      202 
469.4424 397.4752 436.8207 447.9045 441.5106 413.3676 435.9940 470.2364 449.7278 437.9180 
     206      210      214 
443.4198 465.4538 450.2068 


$MAX
      PC1 
0.2928665 

$EX
     env 
0.150707 

$eig1
      env 
0.2436042 

$sim.ex
  [1] 0.06393767 0.12498093 0.08477134 0.06297894 0.04787507 0.03680153 0.04673190 0.05883288
  [9] 0.07023848 0.11936777 0.06392225 0.11528175 0.07365552 0.09467033 0.04243490 0.05534309
 [17] 0.06532737 0.09132208 0.08274745 0.12263919 0.10436294 0.07841951 0.07356437 0.06109400
 [25] 0.07635378 0.06267904 0.04684988 0.05396913 0.04764722 0.06878677 0.05753379 0.05953607
 [33] 0.22903795 0.14360430 0.09261403 0.04864504 0.11554750 0.10852990 0.04899601 0.07314171
 [41] 0.06675286 0.04760758 0.05635330 0.11618552 0.09820579 0.09786694 0.09528603 0.07361205
 [49] 0.07142375 0.02568386 0.05969786 0.10135658 0.07084665 0.07022285 0.16989942 0.10619045
 [57] 0.04558185 0.05606363 0.05502708 0.04975743 0.04047345 0.03769014 0.05976649 0.10935449
 [65] 0.08370374 0.07971238 0.04964304 0.06617016 0.10950908 0.04907830 0.12780569 0.13163387
 [73] 0.06610502 0.11549184 0.08591484 0.09955696 0.07675318 0.12523858 0.08566785 0.06450118
 [81] 0.05899162 0.07478946 0.08283364 0.04178858 0.04199538 0.09720754 0.09398294 0.04591799
 [89] 0.05460591 0.05951185 0.09895703 0.05913293 0.10756493 0.02681446 0.04537154 0.09876395
 [97] 0.15315879 0.13451796 0.15764756 0.04669419 0.06297011 0.08427981 0.09835033 0.07081933
[105] 0.06108167 0.06543373 0.05410584 0.11612278 0.10446169 0.10632159 0.12018776 0.06386028
[113] 0.13865738 0.05436731 0.06843112 0.17910066 0.08737024 0.04698483 0.08043713 0.07568200
[121] 0.11969363 0.08250824 0.10111528 0.10885903 0.05059146 0.05908615 0.09774410 0.05386407
[129] 0.05113134 0.05412463 0.10038877 0.12658735 0.09162229 0.04190672 0.13588985 0.11597909
[137] 0.11174333 0.05071983 0.05013713 0.06962684 0.13063019 0.05100519 0.16118238 0.08493816
[145] 0.07789882 0.10884351 0.06315071 0.08122130 0.11112825 0.06683741 0.05300350 0.07327823
[153] 0.06308993 0.10418384 0.05015310 0.11278175 0.08403891 0.04560955 0.05750808 0.05834468
[161] 0.04650075 0.10969765 0.07741907 0.05864213 0.08158818 0.09784906 0.06559383 0.08631012
[169] 0.17408379 0.15204759 0.05877042 0.09699823 0.05790018 0.06127898 0.13102156 0.06226619
[177] 0.08009368 0.07953642 0.05047620 0.18590230 0.07473509 0.20634956 0.12674200 0.15295820
[185] 0.05675241 0.05206182 0.06536885 0.21802314 0.06531418 0.12664141 0.06259790 0.13628589
[193] 0.04920727 0.06566966 0.18376114 0.16139717 0.15235795 0.10285072 0.12331648 0.07670520
[201] 0.13212289 0.08874345 0.18050594 0.05537458 0.05147082 0.06292931 0.21656598 0.08747361
[209] 0.04664639 0.08795096 0.06060450 0.06356590 0.17324382 0.13461211 0.14933727 0.07016601
[217] 0.04962152 0.05463838 0.07130092 0.05423761 0.09524777 0.03578411 0.04871801 0.15931500
[225] 0.06179122 0.05661799 0.07666275 0.07567941 0.06688244 0.04731978 0.04649490 0.16165174
[233] 0.03040754 0.04584589 0.12465437 0.09650517 0.08649150 0.04806341 0.04757602 0.18112154
[241] 0.08456012 0.07960421 0.10012864 0.05082923 0.07173454 0.06567113 0.12482442 0.08060279
[249] 0.13163021 0.04961669 0.15170877 0.06993898 0.07323795 0.04714111 0.07942746 0.05557755
[257] 0.11179345 0.15511722 0.16171239 0.06751440 0.07563358 0.05742456 0.11193862 0.11685645
[265] 0.05553751 0.14422947 0.04545246 0.05309368 0.12316036 0.11778337 0.05073335 0.07699828
[273] 0.05441251 0.04452349 0.07755547 0.05486208 0.08751003 0.21691965 0.07759038 0.13591793
[281] 0.05835656 0.10104693 0.03546213 0.08404631 0.07688557 0.05247850 0.07395029 0.08669471
[289] 0.06470319 0.07339983 0.03882262 0.08780284 0.06173260 0.08750456 0.06805700 0.10136853
[297] 0.08020202 0.04505770 0.07127043 0.11939819 0.06440191 0.04838245 0.05565104 0.06705835
[305] 0.04726599 0.07532187 0.08344027 0.05892675 0.05715573 0.06532640 0.10481918 0.06229561
[313] 0.06225982 0.03523382 0.08283680 0.06410445 0.06749585 0.05857056 0.08408906 0.13496846
[321] 0.05481215 0.07862908 0.06692446 0.06136998 0.08871525 0.13200387 0.09128466 0.06229301
[329] 0.14527000 0.07875052 0.11627678 0.10043695 0.18124908 0.05584297 0.13346756 0.07654523
[337] 0.09993923 0.08337972 0.06413681 0.07016288 0.11163807 0.04599553 0.16938884 0.07222476
[345] 0.08194077 0.06381904 0.06265987 0.11059321 0.06679555 0.07651896 0.03775555 0.04248639
[353] 0.07330410 0.08335195 0.10591005 0.06614832 0.06547919 0.04127817 0.12545171 0.05499675
[361] 0.20786264 0.10396303 0.09103390 0.05666327 0.09885643 0.07193649 0.11220187 0.05497497
[369] 0.05273788 0.03767693 0.06027205 0.09092409 0.07209412 0.05268644 0.06643082 0.04388692
[377] 0.06644391 0.12819072 0.11100663 0.05441229 0.08562964 0.04154170 0.04909950 0.04701157
[385] 0.05195152 0.03740119 0.12650379 0.07286492 0.04640950 0.07957485 0.06147171 0.06470929
[393] 0.16356074 0.10444071 0.14705985 0.04344430 0.09593662 0.05622666 0.08024309 0.06965238
[401] 0.23293448 0.15509783 0.11306730 0.05738169 0.05171629 0.03615045 0.09429164 0.16301256
[409] 0.14281668 0.07485031 0.05162291 0.11291437 0.08636966 0.10615808 0.09219183 0.03824374
[417] 0.13911838 0.10429643 0.08066691 0.12391806 0.13559643 0.04671195 0.12966219 0.06726054
[425] 0.07712689 0.12103665 0.06608257 0.03646565 0.11892061 0.04061629 0.05637062 0.05817983
[433] 0.04859118 0.16287576 0.05295770 0.06505480 0.17197436 0.03699630 0.16418718 0.08812781
[441] 0.09498586 0.06056956 0.19894458 0.06077303 0.08960091 0.12993147 0.14803536 0.08143118
[449] 0.14499289 0.13906105 0.06709562 0.08399066 0.05552804 0.06548753 0.07781820 0.09692060
[457] 0.12921609 0.10823201 0.05555275 0.05650953 0.07370745 0.08606554 0.06656055 0.08335362
[465] 0.06573046 0.11198893 0.06148491 0.04662907 0.14454985 0.07400199 0.05034119 0.04422693
[473] 0.07693367 0.08094664 0.08222237 0.03388858 0.06577480 0.09495754 0.06730846 0.05492683
[481] 0.06736270 0.07586253 0.04856861 0.10900656 0.10563851 0.11491187 0.08664205 0.10057828
[489] 0.12536405 0.06501116 0.13795704 0.06924668 0.06140455 0.14036041 0.11726213 0.11443801
[497] 0.07270487 0.09691313 0.12082864 0.02940297 0.06461387 0.09591275 0.09957940 0.04411940
[505] 0.07461749 0.19182016 0.05166470 0.05258347 0.06765923 0.08478315 0.06024010 0.06531006
[513] 0.04856685 0.05692568 0.06552915 0.04544481 0.13178741 0.06496581 0.10113474 0.05115986
[521] 0.06047971 0.04821223 0.06749309 0.04605289 0.06633043 0.09095995 0.04856593 0.15690344
[529] 0.10862251 0.12379679 0.05346701 0.07989098 0.04897219 0.06618814 0.07533333 0.04921075
[537] 0.07048172 0.05988039 0.08514954 0.14431625 0.08605940 0.06474918 0.08043310 0.10479404
[545] 0.14350990 0.06339414 0.08725248 0.06289991 0.05868103 0.04619966 0.08262953 0.09226882
[553] 0.05156465 0.05002736 0.06048642 0.04752733 0.09930183 0.16282608 0.08477088 0.05538986
[561] 0.08236963 0.10206127 0.11626186 0.13725530 0.10646763 0.05897361 0.06955403 0.04201632
[569] 0.06285391 0.04293533 0.04750336 0.09699745 0.05362912 0.08625779 0.08293376 0.12844227
[577] 0.07559834 0.08099286 0.10870188 0.11592913 0.05969847 0.04530528 0.07494547 0.15847855
[585] 0.04916566 0.07898291 0.06146949 0.05451227 0.06264442 0.04215018 0.14089586 0.05844328
[593] 0.12230932 0.05715361 0.05907976 0.06645980 0.06405991 0.04566261 0.06219144 0.07032523
[601] 0.07954641 0.04228414 0.06711684 0.04329743 0.09793779 0.08658061 0.17394744 0.05000367
[609] 0.08505238 0.10100034 0.18017292 0.10950991 0.06177026 0.09056556 0.12189031 0.07154689
[617] 0.04051674 0.10538862 0.07173686 0.07858957 0.06390799 0.06101711 0.19760646 0.05290394
[625] 0.10973694 0.08369487 0.08543494 0.17586232 0.04229785 0.08216144 0.05722002 0.06427031
[633] 0.06715645 0.04201939 0.05900668 0.04639692 0.05437896 0.05633238 0.17597959 0.08409718
[641] 0.04735100 0.05879738 0.04986939 0.08324322 0.05245050 0.04900988 0.04293312 0.08260488
[649] 0.06216021 0.05014579 0.09819984 0.06324709 0.13111724 0.06099474 0.14427219 0.07039335
[657] 0.15692458 0.11558180 0.07084673 0.12111165 0.17745072 0.05390480 0.04092989 0.07232963
[665] 0.15872320 0.05480867 0.04233256 0.09192503 0.15757424 0.07447653 0.06341538 0.03285929
[673] 0.08130125 0.09516062 0.06827277 0.04929379 0.07839321 0.04595021 0.12747499 0.05836938
[681] 0.04720690 0.04845893 0.05015117 0.05486916 0.04127746 0.04823699 0.05972376 0.05666835
[689] 0.04834878 0.09480317 0.13556458 0.14023701 0.04569710 0.04516562 0.04647978 0.05316434
[697] 0.06767834 0.07828144 0.07094706 0.07662534 0.04372163 0.09750444 0.09727367 0.23365898
[705] 0.06555252 0.04821329 0.09083136 0.21968145 0.04539170 0.04764112 0.15625942 0.11326773
[713] 0.08965699 0.09077906 0.07914909 0.03516099 0.20255540 0.06134792 0.05711421 0.07662839
[721] 0.05716569 0.12581199 0.03911117 0.07191542 0.08214073 0.07353527 0.06723078 0.05420295
[729] 0.12376070 0.12215327 0.08783950 0.12031587 0.05170521 0.07985688 0.07482141 0.05543307
[737] 0.10620881 0.15461055 0.06886703 0.06259064 0.06020078 0.05061700 0.13386027 0.06474522
[745] 0.16244340 0.07427095 0.04904226 0.05258738 0.05977851 0.13305662 0.12434955 0.06645145
[753] 0.14003012 0.06419171 0.08531565 0.04843281 0.14365160 0.13101731 0.05186484 0.03947541
[761] 0.10363489 0.06082574 0.06107398 0.09261851 0.04910355 0.07782240 0.05133532 0.04433495
[769] 0.04918266 0.14886625 0.07927395 0.10261424 0.06017479 0.06184283 0.04462157 0.07213468
[777] 0.10427433 0.13204034 0.06994387 0.05503750 0.07362157 0.07446095 0.04251013 0.06539735
[785] 0.05230917 0.11629601 0.04108697 0.03689438 0.11459649 0.23316802 0.04683532 0.05813623
[793] 0.04740745 0.13807448 0.13624849 0.05322994 0.11743986 0.10257401 0.11222723 0.05194365
[801] 0.09584146 0.12135712 0.07646283 0.06671585 0.10961107 0.05829053 0.06970409 0.09004333
[809] 0.12592175 0.06626539 0.04877154 0.05900618 0.05084071 0.10487166 0.07535303 0.05661389
[817] 0.14242120 0.04846083 0.06577354 0.11209927 0.09173667 0.05339845 0.12241624 0.13993719
[825] 0.09585361 0.06595318 0.08659595 0.06832747 0.04178545 0.03559982 0.15482935 0.06008813
[833] 0.05345827 0.05607668 0.11282769 0.05072848 0.11258126 0.05995991 0.05093095 0.13823790
[841] 0.03867640 0.09340481 0.12325485 0.05180644 0.06376469 0.06367173 0.05375784 0.06727782
[849] 0.06558211 0.12053378 0.05214532 0.11021829 0.08353253 0.05023390 0.10695771 0.06032767
[857] 0.15500659 0.04858973 0.06308639 0.07291342 0.08730189 0.05284194 0.17189877 0.09456466
[865] 0.07611551 0.02555595 0.05466973 0.08804884 0.04739024 0.09314793 0.10718260 0.07331097
[873] 0.06610272 0.05007035 0.07698302 0.08834054 0.05290785 0.04536833 0.05733641 0.11312589
[881] 0.08596715 0.07900789 0.07111102 0.15134243 0.04847028 0.05975950 0.03941588 0.10443039
[889] 0.04798057 0.06331275 0.03885901 0.04324202 0.06025184 0.06019434 0.09088324 0.05209270
[897] 0.07516854 0.04492674 0.14078905 0.04909032 0.12094259 0.08254868 0.06488912 0.04803071
[905] 0.04854003 0.06406142 0.13749708 0.05554028 0.08310043 0.15120452 0.07472026 0.11974279
[913] 0.12287212 0.08804855 0.17429644 0.13000304 0.13873091 0.15002737 0.08580248 0.11081061
[921] 0.04198203 0.13317501 0.08496530 0.05987193 0.06190824 0.11562373 0.16673832 0.06348017
[929] 0.05319966 0.05657931 0.04633039 0.08095717 0.06406896 0.12844724 0.11019614 0.06250441
[937] 0.05565903 0.05737897 0.05863177 0.08015312 0.06732609 0.13839878 0.17740000 0.03508749
[945] 0.09182001 0.05488019 0.05391758 0.11542463 0.13272363 0.06682671 0.06411054 0.04882828
[953] 0.07272328 0.05463873 0.07837572 0.09740249 0.05918825 0.09634675 0.08946068 0.07766062
[961] 0.16180257 0.14700537 0.09549566 0.05128734 0.10981956 0.06357234 0.04599302 0.06795191
[969] 0.12655982 0.14644736 0.04876988 0.06534330 0.05923308 0.07079747 0.19129531 0.07917623
[977] 0.10420907 0.12431158 0.04123984 0.04745953 0.19418003 0.16744850 0.05290631 0.08063243
[985] 0.09063831 0.13557661 0.14178163 0.06206168 0.07495511 0.04561017 0.08547148 0.10619245
[993] 0.05013548 0.15061909 0.07779617 0.09064800 0.12399683 0.05252317 0.05412010

$sig
  env 
0.069 

attr(,"class")
[1] "palaeoSig"
