Cross-validating:
  |                                                                                           |                                                                                   |   0%  |                                                                                           |=                                                                                  |   1%  |                                                                                           |==                                                                                 |   2%  |                                                                                           |==                                                                                 |   3%  |                                                                                           |===                                                                                |   4%  |                                                                                           |====                                                                               |   5%  |                                                                                           |=====                                                                              |   6%  |                                                                                           |======                                                                             |   7%  |                                                                                           |=======                                                                            |   8%  |                                                                                           |=======                                                                            |   9%  |                                                                                           |========                                                                           |  10%  |                                                                                           |=========                                                                          |  11%  |                                                                                           |==========                                                                         |  12%  |                                                                                           |===========                                                                        |  13%  |                                                                                           |============                                                                       |  14%  |                                                                                           |============                                                                       |  15%  |                                                                                           |=============                                                                      |  16%  |                                                                                           |==============                                                                     |  17%  |                                                                                           |===============                                                                    |  18%  |                                                                                           |================                                                                   |  19%  |                                                                                           |=================                                                                  |  20%  |                                                                                           |=================                                                                  |  21%  |                                                                                           |==================                                                                 |  22%  |                                                                                           |===================                                                                |  23%  |                                                                                           |====================                                                               |  24%  |                                                                                           |=====================                                                              |  25%  |                                                                                           |======================                                                             |  26%  |                                                                                           |======================                                                             |  27%  |                                                                                           |=======================                                                            |  28%  |                                                                                           |========================                                                           |  29%  |                                                                                           |=========================                                                          |  30%  |                                                                                           |==========================                                                         |  31%  |                                                                                           |===========================                                                        |  32%  |                                                                                           |===========================                                                        |  33%  |                                                                                           |============================                                                       |  34%  |                                                                                           |=============================                                                      |  35%  |                                                                                           |==============================                                                     |  36%  |                                                                                           |===============================                                                    |  37%  |                                                                                           |================================                                                   |  38%  |                                                                                           |================================                                                   |  39%  |                                                                                           |=================================                                                  |  40%  |                                                                                           |==================================                                                 |  41%  |                                                                                           |===================================                                                |  42%  |                                                                                           |====================================                                               |  43%  |                                                                                           |=====================================                                              |  44%  |                                                                                           |=====================================                                              |  45%  |                                                                                           |======================================                                             |  46%  |                                                                                           |=======================================                                            |  47%  |                                                                                           |========================================                                           |  48%  |                                                                                           |=========================================                                          |  49%  |                                                                                           |==========================================                                         |  50%  |                                                                                           |==========================================                                         |  51%  |                                                                                           |===========================================                                        |  52%  |                                                                                           |============================================                                       |  53%  |                                                                                           |=============================================                                      |  54%  |                                                                                           |==============================================                                     |  55%  |                                                                                           |==============================================                                     |  56%  |                                                                                           |===============================================                                    |  57%  |                                                                                           |================================================                                   |  58%  |                                                                                           |=================================================                                  |  59%  |                                                                                           |==================================================                                 |  60%  |                                                                                           |===================================================                                |  61%  |                                                                                           |===================================================                                |  62%  |                                                                                           |====================================================                               |  63%  |                                                                                           |=====================================================                              |  64%  |                                                                                           |======================================================                             |  65%  |                                                                                           |=======================================================                            |  66%  |                                                                                           |========================================================                           |  67%  |                                                                                           |========================================================                           |  68%  |                                                                                           |=========================================================                          |  69%  |                                                                                           |==========================================================                         |  70%  |                                                                                           |===========================================================                        |  71%  |                                                                                           |============================================================                       |  72%  |                                                                                           |=============================================================                      |  73%  |                                                                                           |=============================================================                      |  74%  |                                                                                           |==============================================================                     |  75%  |                                                                                           |===============================================================                    |  76%  |                                                                                           |================================================================                   |  77%  |                                                                                           |=================================================================                  |  78%  |                                                                                           |==================================================================                 |  79%  |                                                                                           |==================================================================                 |  80%  |                                                                                           |===================================================================                |  81%  |                                                                                           |====================================================================               |  82%  |                                                                                           |=====================================================================              |  83%  |                                                                                           |======================================================================             |  84%  |                                                                                           |=======================================================================            |  85%  |                                                                                           |=======================================================================            |  86%  |                                                                                           |========================================================================           |  87%  |                                                                                           |=========================================================================          |  88%  |                                                                                           |==========================================================================         |  89%  |                                                                                           |===========================================================================        |  90%  |                                                                                           |============================================================================       |  91%  |                                                                                           |============================================================================       |  92%  |                                                                                           |=============================================================================      |  93%  |                                                                                           |==============================================================================     |  94%  |                                                                                           |===============================================================================    |  95%  |                                                                                           |================================================================================   |  96%  |                                                                                           |=================================================================================  |  97%  |                                                                                           |=================================================================================  |  98%  |                                                                                           |================================================================================== |  99%  |                                                                                           |===================================================================================| 100%

Method : Weighted Averaging
Call   : WA(y = modern_wa, x = parameter, mono = F, tolDW = F, use.N2 = F,  

     tol.cut = 0.01, check.data = T, lean = F) 

Tolerance DW       : No 
Monotonic deshrink : No 
No. samples        : 173 
No. species        : 48 
Cross val.         : bootstrap : no. boot cycles =  100 

Deshrinking regression coefficients:
      Inverse d/s Classical d/s
wa.b0   -525.7777      307.9319
wa.b1      2.5379        0.0966

Performance:
                 RMSE      R2  Avg.Bias  Max.Bias      Skill
WA.inv        94.7693  0.2453    0.0000  199.3849    24.5268
WA.cla       191.3584  0.2453    0.0000  147.1629  -207.7180
WA.inv_XVal   97.4802  0.2170    0.1063  205.6723    21.6306
WA.cla_XVal  192.2352  0.2315    0.4710  129.8035  -194.2179

$PCA
Call: rda(X = fos)

              Inertia Rank
Total              58     
Unconstrained      58   32
Inertia is variance 

Eigenvalues for unconstrained axes:
   PC1    PC2    PC3    PC4    PC5    PC6    PC7    PC8 
16.986 10.980  9.515  7.327  3.422  2.151  1.618  1.536 
(Showing 8 of 32 unconstrained eigenvalues)


$preds
$preds$env
         2          6         10         14         18         22         30         34 
 -9.888957 -10.348631  -9.262668 -10.310994 -10.217760 -11.606054  -9.099029  -9.520200 
        38         42         46         50         54         58         62         66 
 -8.635401  -9.270974  -9.654687  -9.564255 -10.342434  -9.168718  -8.647574  -9.137318 
        70         74         78         82         86         90         94         98 
 -9.377574  -9.272503  -8.938904  -8.588906  -8.383994  -8.720953  -8.492256  -8.553189 
       102        106        110        114        118        122        126        130 
 -9.495319  -9.749051  -9.773336  -8.349992 -10.280311  -9.323061  -9.289977  -8.339310 
       134        138        142        146        150        154        158        162 
 -8.903715  -9.063793  -8.798560  -9.477181  -8.552231  -9.005528  -8.738701  -9.097126 
       166        170        174        178        182        186        190        194 
 -8.564080 -10.230076  -8.898186  -9.148823  -8.272834  -9.208441  -9.127176  -8.859217 
       198        202        206        210        214 
 -8.923731  -8.728728  -8.950685  -9.030925  -8.792394 


$MAX
      PC1 
0.2928665 

$EX
      env 
0.1423624 

$eig1
      env 
0.2925056 

$sim.ex
  [1] 0.05319974 0.04678549 0.14031759 0.05718362 0.10198191 0.06931718 0.06137870 0.09515407
  [9] 0.05327081 0.10326651 0.03921502 0.05064484 0.04496302 0.07697964 0.06018932 0.10716888
 [17] 0.06855284 0.11343399 0.08721741 0.08592618 0.04195562 0.06194830 0.07024678 0.05973271
 [25] 0.04765688 0.06214079 0.12946529 0.06449766 0.05401265 0.05325585 0.19288800 0.13162051
 [33] 0.05764078 0.05596649 0.05909815 0.07204284 0.17850676 0.08220412 0.09642559 0.05409595
 [41] 0.08895376 0.08371325 0.13334247 0.05140066 0.05550649 0.09287628 0.07833206 0.05973822
 [49] 0.09255009 0.06823365 0.09775749 0.08901907 0.14636439 0.08015369 0.04593906 0.04665644
 [57] 0.11740461 0.08487716 0.12731451 0.07275664 0.06132221 0.07877831 0.08017307 0.06528301
 [65] 0.10747961 0.05057597 0.09013785 0.04871229 0.08322365 0.04866235 0.04660379 0.10297234
 [73] 0.05809169 0.07695440 0.19463107 0.08245462 0.07394696 0.09040992 0.12612240 0.09844730
 [81] 0.07529300 0.07183016 0.11099925 0.06803948 0.19804466 0.06027015 0.05551442 0.04271531
 [89] 0.08302738 0.06241521 0.10143507 0.05365497 0.11859478 0.14425739 0.07599021 0.10153975
 [97] 0.15061452 0.17653442 0.05779488 0.04715191 0.06502159 0.20022973 0.06741353 0.06217396
[105] 0.08206939 0.05413936 0.10410917 0.05536500 0.15086158 0.07999673 0.04950602 0.09927426
[113] 0.21296612 0.05010563 0.09768622 0.05032411 0.07116924 0.06325506 0.06606924 0.10750580
[121] 0.07750316 0.04814284 0.08613932 0.03750871 0.09072344 0.04365274 0.18971465 0.05052853
[129] 0.07267567 0.12994662 0.06033534 0.09919874 0.09901698 0.06165265 0.07886367 0.18368741
[137] 0.08428482 0.11334484 0.09016186 0.09657155 0.17152760 0.08491166 0.04718194 0.17441429
[145] 0.07664883 0.13334584 0.07541562 0.17437345 0.05323190 0.06315154 0.06120355 0.07561961
[153] 0.05094058 0.13885829 0.07612725 0.06081746 0.08467136 0.07490914 0.05748670 0.08838254
[161] 0.18250631 0.14243670 0.07094712 0.06817423 0.07801347 0.05916383 0.05515894 0.07608730
[169] 0.04121680 0.10822181 0.12758193 0.07744412 0.05235374 0.07706344 0.10009787 0.12772991
[177] 0.07998334 0.06038095 0.07708255 0.07181749 0.03273804 0.05850255 0.05441644 0.05791856
[185] 0.07133123 0.07934561 0.04104784 0.10121482 0.12645215 0.04358455 0.05187551 0.04653998
[193] 0.05468558 0.03919160 0.08520131 0.04269901 0.08693649 0.09231271 0.13972888 0.12200398
[201] 0.17145345 0.06617393 0.10210350 0.05211793 0.13576269 0.05750623 0.04512621 0.06976074
[209] 0.12983239 0.05350546 0.06053604 0.05859584 0.08183219 0.06365591 0.14180908 0.05988858
[217] 0.04411819 0.09399816 0.06194210 0.05277323 0.04596052 0.06918384 0.06748097 0.05525043
[225] 0.07202898 0.11748499 0.09750619 0.16278453 0.07171338 0.12804310 0.06462694 0.13458373
[233] 0.07042830 0.07593410 0.09178437 0.07256870 0.08085859 0.09323303 0.04325812 0.05719040
[241] 0.05632628 0.09620912 0.05339156 0.07921695 0.05528703 0.07580285 0.15252732 0.08819814
[249] 0.07750840 0.04206548 0.07212991 0.06761132 0.10514943 0.05789824 0.07300676 0.20573197
[257] 0.05835196 0.08683715 0.07533918 0.05700661 0.19261928 0.16776847 0.11558433 0.05917555
[265] 0.03391313 0.09123976 0.04803312 0.16291932 0.06715821 0.06992547 0.06288216 0.09291068
[273] 0.06974216 0.13587220 0.05914639 0.12824464 0.05837133 0.04434293 0.06160533 0.20411171
[281] 0.05246080 0.06428467 0.12248115 0.05071420 0.07000648 0.04797804 0.06768983 0.04838890
[289] 0.06804102 0.05185787 0.05070443 0.05368499 0.07859268 0.09717359 0.12119467 0.06431202
[297] 0.18241988 0.05288450 0.07831817 0.15803461 0.10495254 0.09906129 0.06713395 0.06164198
[305] 0.04831435 0.07924354 0.13895309 0.12443454 0.11394745 0.04058946 0.05873320 0.06085086
[313] 0.07171095 0.05477494 0.19212474 0.06135667 0.05004741 0.04829587 0.07374863 0.11852906
[321] 0.10456560 0.10761299 0.05477050 0.07464289 0.07228199 0.05613726 0.04827522 0.11113754
[329] 0.04471601 0.07274805 0.04435495 0.09701591 0.04328976 0.07777536 0.05711053 0.07991066
[337] 0.18591228 0.11765528 0.06633092 0.06588926 0.11861396 0.09400580 0.05086415 0.13167061
[345] 0.09623371 0.07645352 0.08574871 0.08741019 0.05631406 0.07954265 0.12929195 0.05555962
[353] 0.07212168 0.14688422 0.03962456 0.09580155 0.10670598 0.12095173 0.11224179 0.04772366
[361] 0.10328205 0.07923546 0.06698140 0.11265125 0.06884080 0.07447462 0.10272517 0.15363914
[369] 0.13231029 0.13273254 0.12524111 0.07938103 0.05397953 0.04892201 0.05714552 0.06205584
[377] 0.19826442 0.06355857 0.06218401 0.14981239 0.04686218 0.08339590 0.15828340 0.06241877
[385] 0.04616061 0.08635015 0.12805975 0.11533935 0.07697560 0.05820902 0.06056750 0.07837800
[393] 0.03990041 0.14483100 0.04478037 0.16921975 0.06612076 0.10338688 0.08301343 0.04637506
[401] 0.05884480 0.04868222 0.04943756 0.06058365 0.05815637 0.09155467 0.11483439 0.08494868
[409] 0.06978105 0.03768436 0.11169258 0.04322808 0.09829278 0.04795132 0.04939315 0.10383228
[417] 0.11199423 0.09104656 0.06084017 0.05968985 0.19450147 0.05069153 0.04735011 0.10912612
[425] 0.06012282 0.05915278 0.10514184 0.08324782 0.04338497 0.05460193 0.03616076 0.10565935
[433] 0.12152433 0.06718744 0.04957345 0.14229525 0.07163876 0.12079722 0.06285897 0.10945910
[441] 0.07048001 0.10696275 0.06896885 0.09269333 0.15237446 0.08939664 0.05128297 0.07559953
[449] 0.08380862 0.12056703 0.07200999 0.05358852 0.09104810 0.06213703 0.08226749 0.14397126
[457] 0.10517087 0.06302167 0.08273465 0.05195584 0.09575812 0.05960644 0.07785472 0.17044076
[465] 0.10703744 0.09291709 0.12501408 0.04765162 0.05285203 0.09473149 0.09762137 0.05008712
[473] 0.05082898 0.06271587 0.05927424 0.04779075 0.08737245 0.04684466 0.10269573 0.12376897
[481] 0.09542947 0.05965599 0.10050986 0.11090111 0.06616567 0.07647090 0.09024209 0.14382123
[489] 0.17691678 0.05563326 0.12044416 0.08073098 0.13661670 0.05328114 0.10067965 0.04905677
[497] 0.03686961 0.05263894 0.07003771 0.04892469 0.14709536 0.05227965 0.12926248 0.10395943
[505] 0.05450044 0.08815910 0.05205204 0.06124575 0.03745711 0.03475468 0.04592265 0.09662227
[513] 0.04024415 0.15488926 0.08271404 0.15235011 0.04254416 0.08462679 0.08564412 0.05616086
[521] 0.05795384 0.07488035 0.11666847 0.05597201 0.04564636 0.08699811 0.07508458 0.09315068
[529] 0.06544011 0.05080328 0.11012619 0.07507270 0.13301514 0.08405311 0.07623039 0.04524652
[537] 0.11039368 0.05846191 0.04547203 0.04283236 0.04180830 0.04293821 0.06428832 0.14288251
[545] 0.12506010 0.15769089 0.07319632 0.04543914 0.12868890 0.10791288 0.10082111 0.21300623
[553] 0.05543517 0.06647764 0.05298845 0.13286877 0.08372158 0.04826359 0.07815667 0.05652437
[561] 0.07075456 0.11778625 0.03616273 0.08595509 0.04721300 0.11520393 0.15795590 0.13680476
[569] 0.06038281 0.11942042 0.05976301 0.04844522 0.18322953 0.08175727 0.10294334 0.08898364
[577] 0.10219352 0.03984896 0.13761187 0.05396088 0.11910336 0.07359678 0.05089599 0.05935756
[585] 0.17148524 0.10399686 0.07677643 0.09304555 0.08029610 0.10973076 0.04257258 0.05298552
[593] 0.12006917 0.10504626 0.13808197 0.07073578 0.05278977 0.12472509 0.08660412 0.08245945
[601] 0.12534230 0.10565840 0.06181486 0.09021968 0.07935285 0.03593749 0.07744369 0.05527048
[609] 0.10425424 0.08054662 0.04307196 0.04880780 0.06103655 0.18141766 0.16439571 0.09013291
[617] 0.04992307 0.09716604 0.04334047 0.10213108 0.10078087 0.04358408 0.04663443 0.04530276
[625] 0.08922458 0.08563693 0.04599062 0.05689597 0.07369406 0.06299946 0.06517794 0.11129702
[633] 0.08154623 0.04490177 0.05291542 0.04231133 0.06015580 0.14915612 0.10224077 0.08932201
[641] 0.06408965 0.06873908 0.08125091 0.11054506 0.10587017 0.13942819 0.16198104 0.06292374
[649] 0.05933192 0.15607038 0.04791280 0.07782317 0.08543376 0.05315699 0.15846942 0.08698346
[657] 0.06827637 0.04238540 0.06613202 0.09250288 0.03715015 0.12084865 0.14695475 0.02713784
[665] 0.04330835 0.08749193 0.13031945 0.05146426 0.07583839 0.04556263 0.13873382 0.08444603
[673] 0.05811792 0.18277927 0.05031350 0.04596296 0.10480427 0.09280709 0.06028839 0.09926895
[681] 0.05483991 0.09802485 0.06286900 0.05359640 0.11485605 0.15259973 0.05895771 0.18712947
[689] 0.12781194 0.11441501 0.05815558 0.09474262 0.08081783 0.06869032 0.10551423 0.08595555
[697] 0.08315137 0.07074568 0.11297951 0.08847846 0.08744594 0.05264187 0.08727091 0.06504976
[705] 0.05358024 0.04878997 0.10284356 0.08650727 0.04608913 0.09643512 0.16630669 0.10363950
[713] 0.06196913 0.12312046 0.06308585 0.05998035 0.20264937 0.07639890 0.07281939 0.06554578
[721] 0.06693787 0.08322065 0.06562879 0.08584347 0.05833856 0.10582135 0.05082500 0.05003572
[729] 0.06364401 0.08712968 0.06670649 0.08069507 0.05644467 0.06230837 0.05587621 0.07746339
[737] 0.15217262 0.03989300 0.13356599 0.11346562 0.07630147 0.14414772 0.08077087 0.09734236
[745] 0.17410153 0.08228621 0.03792103 0.08817962 0.10248468 0.07382461 0.11854143 0.06230751
[753] 0.04977817 0.06356010 0.05904132 0.05905350 0.06565005 0.07106435 0.09444478 0.05892791
[761] 0.12581425 0.06507551 0.06762803 0.05081056 0.09611842 0.04177551 0.05752946 0.06374904
[769] 0.06216115 0.09566993 0.07773021 0.05323726 0.13140868 0.07343862 0.06411233 0.09265413
[777] 0.06223032 0.05757184 0.08179696 0.11699977 0.06915940 0.05573075 0.06979149 0.07165634
[785] 0.06655352 0.08204398 0.04787766 0.06378051 0.01782969 0.08315487 0.07954654 0.07344824
[793] 0.03704246 0.04444459 0.05073806 0.15644139 0.05301625 0.14088520 0.06972679 0.06847443
[801] 0.07629364 0.10226201 0.09168035 0.10326315 0.11714300 0.15328498 0.03640034 0.05750242
[809] 0.12106289 0.07314701 0.06517139 0.04750733 0.07630316 0.04189545 0.03575489 0.19329458
[817] 0.05427275 0.03990432 0.05302825 0.13159149 0.06475560 0.07382445 0.12311236 0.04858358
[825] 0.06454255 0.03927306 0.11796179 0.05192212 0.03737407 0.06765947 0.13095297 0.07925846
[833] 0.05198540 0.18592103 0.12721369 0.09362150 0.05957193 0.11708207 0.15518359 0.04879524
[841] 0.07707969 0.04848934 0.16327471 0.11292839 0.07863968 0.07097179 0.12435958 0.06590054
[849] 0.11179225 0.04509067 0.10296559 0.05909278 0.08394344 0.08560462 0.06590921 0.11206389
[857] 0.05905321 0.04613911 0.07608777 0.08519769 0.07779064 0.08668281 0.08525538 0.14935689
[865] 0.07114954 0.05650226 0.19497354 0.06244056 0.03881096 0.15873744 0.06314504 0.06197158
[873] 0.06226514 0.08433115 0.16936886 0.03880396 0.05164036 0.06652896 0.06270457 0.05370435
[881] 0.18402964 0.10812550 0.16093507 0.06484614 0.04040371 0.04481252 0.06019707 0.05420601
[889] 0.06206523 0.04522763 0.06332238 0.06358034 0.06722788 0.04425551 0.06415877 0.16682361
[897] 0.05647213 0.04795215 0.12143722 0.10225627 0.04618973 0.07857804 0.06525986 0.08462560
[905] 0.04721433 0.05118604 0.07946309 0.06748925 0.08346221 0.09254471 0.08255567 0.07190128
[913] 0.16686847 0.06681929 0.05782076 0.11440210 0.03987933 0.10889201 0.06024664 0.05444803
[921] 0.07088453 0.04269219 0.10444956 0.07085132 0.05764476 0.12016096 0.08789957 0.11547762
[929] 0.05433947 0.05748750 0.04170626 0.08825506 0.07360883 0.15919458 0.07596227 0.09106097
[937] 0.12796775 0.13605534 0.06183184 0.07298733 0.08296774 0.06052465 0.06687566 0.15221471
[945] 0.04839397 0.06174944 0.07745754 0.05200639 0.08554619 0.05381080 0.08009110 0.10547918
[953] 0.08745711 0.13178976 0.04937284 0.16929548 0.11685583 0.08283273 0.05017404 0.04422474
[961] 0.09342274 0.10208174 0.06246502 0.04275943 0.06202141 0.06027369 0.18640980 0.05041953
[969] 0.09904749 0.05595841 0.12403609 0.06480314 0.07406615 0.03976216 0.13506878 0.11155802
[977] 0.16197654 0.13752013 0.06759700 0.04374573 0.07643099 0.08884242 0.04450482 0.05147467
[985] 0.06947767 0.12207884 0.04379655 0.11625292 0.15418581 0.04331924 0.05949211 0.13365510
[993] 0.10762316 0.07111689 0.05960090 0.12126413 0.13821739 0.06494537 0.06136546

$sig
  env 
0.088 

attr(,"class")
[1] "palaeoSig"
