Cross-validating:
  |                                                                                           |                                                                                   |   0%  |                                                                                           |=                                                                                  |   1%  |                                                                                           |==                                                                                 |   2%  |                                                                                           |==                                                                                 |   3%  |                                                                                           |===                                                                                |   4%  |                                                                                           |====                                                                               |   5%  |                                                                                           |=====                                                                              |   6%  |                                                                                           |======                                                                             |   7%  |                                                                                           |=======                                                                            |   8%  |                                                                                           |=======                                                                            |   9%  |                                                                                           |========                                                                           |  10%  |                                                                                           |=========                                                                          |  11%  |                                                                                           |==========                                                                         |  12%  |                                                                                           |===========                                                                        |  13%  |                                                                                           |============                                                                       |  14%  |                                                                                           |============                                                                       |  15%  |                                                                                           |=============                                                                      |  16%  |                                                                                           |==============                                                                     |  17%  |                                                                                           |===============                                                                    |  18%  |                                                                                           |================                                                                   |  19%  |                                                                                           |=================                                                                  |  20%  |                                                                                           |=================                                                                  |  21%  |                                                                                           |==================                                                                 |  22%  |                                                                                           |===================                                                                |  23%  |                                                                                           |====================                                                               |  24%  |                                                                                           |=====================                                                              |  25%  |                                                                                           |======================                                                             |  26%  |                                                                                           |======================                                                             |  27%  |                                                                                           |=======================                                                            |  28%  |                                                                                           |========================                                                           |  29%  |                                                                                           |=========================                                                          |  30%  |                                                                                           |==========================                                                         |  31%  |                                                                                           |===========================                                                        |  32%  |                                                                                           |===========================                                                        |  33%  |                                                                                           |============================                                                       |  34%  |                                                                                           |=============================                                                      |  35%  |                                                                                           |==============================                                                     |  36%  |                                                                                           |===============================                                                    |  37%  |                                                                                           |================================                                                   |  38%  |                                                                                           |================================                                                   |  39%  |                                                                                           |=================================                                                  |  40%  |                                                                                           |==================================                                                 |  41%  |                                                                                           |===================================                                                |  42%  |                                                                                           |====================================                                               |  43%  |                                                                                           |=====================================                                              |  44%  |                                                                                           |=====================================                                              |  45%  |                                                                                           |======================================                                             |  46%  |                                                                                           |=======================================                                            |  47%  |                                                                                           |========================================                                           |  48%  |                                                                                           |=========================================                                          |  49%  |                                                                                           |==========================================                                         |  50%  |                                                                                           |==========================================                                         |  51%  |                                                                                           |===========================================                                        |  52%  |                                                                                           |============================================                                       |  53%  |                                                                                           |=============================================                                      |  54%  |                                                                                           |==============================================                                     |  55%  |                                                                                           |==============================================                                     |  56%  |                                                                                           |===============================================                                    |  57%  |                                                                                           |================================================                                   |  58%  |                                                                                           |=================================================                                  |  59%  |                                                                                           |==================================================                                 |  60%  |                                                                                           |===================================================                                |  61%  |                                                                                           |===================================================                                |  62%  |                                                                                           |====================================================                               |  63%  |                                                                                           |=====================================================                              |  64%  |                                                                                           |======================================================                             |  65%  |                                                                                           |=======================================================                            |  66%  |                                                                                           |========================================================                           |  67%  |                                                                                           |========================================================                           |  68%  |                                                                                           |=========================================================                          |  69%  |                                                                                           |==========================================================                         |  70%  |                                                                                           |===========================================================                        |  71%  |                                                                                           |============================================================                       |  72%  |                                                                                           |=============================================================                      |  73%  |                                                                                           |=============================================================                      |  74%  |                                                                                           |==============================================================                     |  75%  |                                                                                           |===============================================================                    |  76%  |                                                                                           |================================================================                   |  77%  |                                                                                           |=================================================================                  |  78%  |                                                                                           |==================================================================                 |  79%  |                                                                                           |==================================================================                 |  80%  |                                                                                           |===================================================================                |  81%  |                                                                                           |====================================================================               |  82%  |                                                                                           |=====================================================================              |  83%  |                                                                                           |======================================================================             |  84%  |                                                                                           |=======================================================================            |  85%  |                                                                                           |=======================================================================            |  86%  |                                                                                           |========================================================================           |  87%  |                                                                                           |=========================================================================          |  88%  |                                                                                           |==========================================================================         |  89%  |                                                                                           |===========================================================================        |  90%  |                                                                                           |============================================================================       |  91%  |                                                                                           |============================================================================       |  92%  |                                                                                           |=============================================================================      |  93%  |                                                                                           |==============================================================================     |  94%  |                                                                                           |===============================================================================    |  95%  |                                                                                           |================================================================================   |  96%  |                                                                                           |=================================================================================  |  97%  |                                                                                           |=================================================================================  |  98%  |                                                                                           |================================================================================== |  99%  |                                                                                           |===================================================================================| 100%

Method : Weighted Averaging
Call   : WA(y = modern_wa, x = parameter, mono = F, tolDW = F, use.N2 = F,  

     tol.cut = 0.01, check.data = T, lean = F) 

Tolerance DW       : No 
Monotonic deshrink : No 
No. samples        : 173 
No. species        : 48 
Cross val.         : bootstrap : no. boot cycles =  100 

Deshrinking regression coefficients:
      Inverse d/s Classical d/s
wa.b0     15.9877       -8.4677
wa.b1      2.5164        0.1964

Performance:
               RMSE      R2  Avg.Bias  Max.Bias    Skill
WA.inv       1.7968  0.4942    0.0000    3.1495  49.4242
WA.cla       2.5559  0.4942    0.0000    2.3729  -2.3300
WA.inv_XVal  1.8541  0.4727    0.0017    3.2743  47.2628
WA.cla_XVal  2.5933  0.4794    0.0137    2.3077  -1.7257

$PCA
Call: rda(X = fos)

              Inertia Rank
Total              58     
Unconstrained      58   32
Inertia is variance 

Eigenvalues for unconstrained axes:
   PC1    PC2    PC3    PC4    PC5    PC6    PC7    PC8 
16.986 10.980  9.515  7.327  3.422  2.151  1.618  1.536 
(Showing 8 of 32 unconstrained eigenvalues)


$preds
$preds$env
       2        6       10       14       18       22       30       34       38       42 
14.69987 13.87493 14.24079 14.11498 13.83903 15.18612 14.88093 14.68858 16.07522 15.80977 
      46       50       54       58       62       66       70       74       78       82 
14.98121 15.43217 13.82601 15.73834 15.61564 15.68879 15.13018 15.08762 15.98231 15.82017 
      86       90       94       98      102      106      110      114      118      122 
16.18285 15.95211 15.68639 15.35469 14.85746 14.65902 14.51278 15.75446 13.82880 14.91916 
     126      130      134      138      142      146      150      154      158      162 
15.02086 15.59156 15.16293 15.15887 15.28533 14.94913 15.56388 14.89591 15.20531 15.19600 
     166      170      174      178      182      186      190      194      198      202 
15.13649 13.85877 15.13762 14.71179 16.02146 14.98152 14.97645 14.73829 15.04866 15.32889 
     206      210      214 
14.99411 14.54847 15.11139 


$MAX
      PC1 
0.2928665 

$EX
      env 
0.1477579 

$eig1
      env 
0.2688254 

$sim.ex
  [1] 0.07972585 0.17994676 0.07240105 0.08223122 0.07810930 0.06889272 0.06972403 0.04984335
  [9] 0.10345292 0.06022188 0.21371279 0.05327313 0.06689962 0.07216923 0.20387813 0.09623291
 [17] 0.09427366 0.13866031 0.07378047 0.06622709 0.11413554 0.06021846 0.03841347 0.08487506
 [25] 0.06929243 0.10838927 0.09229885 0.05650616 0.11107571 0.07916533 0.14698791 0.06181979
 [33] 0.05002544 0.07509677 0.04278382 0.05919398 0.04266523 0.06378937 0.06534083 0.09570709
 [41] 0.07819821 0.03780297 0.12140463 0.12784672 0.08017305 0.12407714 0.03813973 0.11105129
 [49] 0.14155674 0.08250558 0.05265226 0.03819683 0.11398554 0.15927977 0.07504811 0.04724967
 [57] 0.07469517 0.06994956 0.05010736 0.05850310 0.14966828 0.06227713 0.09806010 0.05153969
 [65] 0.04421782 0.04923053 0.17628349 0.07312946 0.07230309 0.15109248 0.07007601 0.04289334
 [73] 0.07005060 0.05878989 0.08323311 0.09068291 0.16108157 0.05641917 0.07332905 0.11096914
 [81] 0.11961711 0.06151239 0.05484044 0.06040094 0.05412581 0.05652235 0.05714072 0.07713460
 [89] 0.13454434 0.04518128 0.06471517 0.09689173 0.07409834 0.06795657 0.07791897 0.05924516
 [97] 0.07059623 0.04516636 0.04085770 0.10645711 0.05636543 0.08559072 0.06533835 0.13016430
[105] 0.04919744 0.10360946 0.07278997 0.07669972 0.04625274 0.04704315 0.06443601 0.05391888
[113] 0.12489193 0.11238699 0.06855341 0.06474589 0.08472567 0.09792240 0.04875489 0.04650986
[121] 0.06963205 0.07733300 0.14600333 0.06581970 0.05471385 0.06268799 0.05691435 0.18229407
[129] 0.06399774 0.14802420 0.05547169 0.07497362 0.23233314 0.08888205 0.06839743 0.19717324
[137] 0.05855630 0.04473257 0.05440123 0.07343588 0.13270590 0.16972362 0.16999529 0.05543204
[145] 0.12319109 0.06128641 0.05120662 0.14019171 0.13578294 0.06421935 0.03968030 0.04247255
[153] 0.13380072 0.09275482 0.06766981 0.05518167 0.06789071 0.07202451 0.08880415 0.05285765
[161] 0.04072150 0.05255945 0.16062614 0.06714189 0.04847754 0.11210740 0.04888997 0.06073667
[169] 0.10465847 0.10022841 0.06377904 0.14278189 0.12029489 0.04901927 0.06129838 0.11898366
[177] 0.04910342 0.06860925 0.06151710 0.05518584 0.06948262 0.06245048 0.10104114 0.04655578
[185] 0.10004287 0.09879746 0.04350830 0.07970526 0.06758255 0.04954454 0.06995141 0.10668771
[193] 0.06870547 0.04403783 0.04563253 0.06194808 0.04259933 0.09289486 0.05016614 0.09578145
[201] 0.05428699 0.06212525 0.04563047 0.03690610 0.03850079 0.08543522 0.16029108 0.10396580
[209] 0.04675808 0.18874728 0.06879865 0.11735550 0.10201482 0.04711494 0.03710630 0.07062794
[217] 0.06515315 0.14106540 0.09294633 0.05455974 0.06963155 0.06671279 0.07116724 0.09349311
[225] 0.06244840 0.17947840 0.11540690 0.07128534 0.06710584 0.06914643 0.08502705 0.15625105
[233] 0.08524240 0.08752940 0.06892406 0.06814065 0.10901559 0.06605034 0.08958877 0.05772298
[241] 0.12657988 0.09266182 0.05556016 0.04568478 0.04414073 0.11664266 0.08454574 0.10957089
[249] 0.10995116 0.15553097 0.20543407 0.06242024 0.13057630 0.06334822 0.05095393 0.06201582
[257] 0.11729500 0.05666127 0.06245815 0.16197889 0.08509914 0.09715676 0.04291510 0.04559461
[265] 0.04736896 0.15086514 0.05701713 0.06124242 0.07301132 0.08445487 0.08024545 0.07933286
[273] 0.06254287 0.12202526 0.10612331 0.23696483 0.12671490 0.06991148 0.04878079 0.05578551
[281] 0.07351728 0.13468568 0.04637554 0.07408576 0.05493433 0.24192823 0.08665299 0.05599107
[289] 0.06061871 0.06902419 0.10252355 0.12903828 0.05651130 0.07279856 0.07246136 0.09629917
[297] 0.04203986 0.05732550 0.05794263 0.08761993 0.13112941 0.05231541 0.05094408 0.05807867
[305] 0.19390115 0.05464905 0.12856424 0.12112515 0.09770420 0.06578313 0.09712411 0.08807075
[313] 0.03930216 0.13044117 0.05923487 0.06128318 0.08075173 0.07028694 0.06912393 0.04751859
[321] 0.03653802 0.07891845 0.06495762 0.08269274 0.07318478 0.05496654 0.08207073 0.03294137
[329] 0.15105522 0.13055993 0.08424784 0.09146007 0.14809912 0.11367359 0.04311692 0.09251825
[337] 0.07960181 0.04084003 0.10292601 0.05644006 0.06419060 0.13859945 0.04052153 0.10157976
[345] 0.09043367 0.08287521 0.04091849 0.07283873 0.04164387 0.08354253 0.05199243 0.08114140
[353] 0.07568138 0.09324275 0.05077191 0.17656812 0.10664439 0.10386936 0.10045563 0.05293026
[361] 0.05876691 0.04673500 0.04643369 0.04898238 0.05599039 0.10936548 0.06902275 0.14285591
[369] 0.06618171 0.09214308 0.04777960 0.07129528 0.09375288 0.04755420 0.04736851 0.05520106
[377] 0.07866646 0.15009669 0.05002873 0.16002868 0.07917355 0.21103310 0.17549355 0.07188902
[385] 0.09070842 0.11692808 0.04645665 0.04798555 0.13656744 0.05021961 0.08029662 0.10806860
[393] 0.06252267 0.07689671 0.03711276 0.10940061 0.07228993 0.11396888 0.11150440 0.09011250
[401] 0.09556243 0.08744356 0.09370822 0.09246367 0.13399690 0.06665112 0.05405471 0.13252656
[409] 0.04596518 0.09568947 0.07726921 0.13592588 0.18415831 0.08435542 0.05430899 0.04425829
[417] 0.07336186 0.06036728 0.08161155 0.06931025 0.15386567 0.06384355 0.08886210 0.06865130
[425] 0.08148572 0.04625187 0.05031769 0.05772609 0.06482087 0.08447145 0.08040952 0.17186468
[433] 0.07180014 0.18744844 0.04085566 0.13833835 0.06564285 0.07737523 0.06598107 0.13244304
[441] 0.05437561 0.04842164 0.07256867 0.04801083 0.07325333 0.05804862 0.08832749 0.06846891
[449] 0.14586303 0.12841240 0.06311298 0.11387035 0.11061876 0.09507861 0.04018852 0.08472402
[457] 0.11067425 0.05586803 0.06852440 0.14920438 0.09391859 0.05753875 0.13912782 0.10985248
[465] 0.04556727 0.05150823 0.05328144 0.05581013 0.16598141 0.08760488 0.17460196 0.06376058
[473] 0.12806274 0.08354002 0.06026702 0.13333326 0.15837472 0.08593801 0.05700273 0.04672787
[481] 0.07516638 0.08451802 0.08558860 0.04499802 0.12215706 0.13385492 0.05874122 0.14114015
[489] 0.09314301 0.04321738 0.06563838 0.12696670 0.04488814 0.08693866 0.12584777 0.07219781
[497] 0.07193976 0.03740525 0.04751841 0.04030248 0.18428826 0.04205145 0.09977894 0.05095071
[505] 0.10297633 0.12435050 0.04455009 0.06131587 0.06507383 0.13055847 0.12131976 0.07355464
[513] 0.09473771 0.08765450 0.12131684 0.06148559 0.12051081 0.07378796 0.08380972 0.10905168
[521] 0.08305099 0.09034423 0.04473014 0.07709548 0.20166105 0.04140056 0.07828323 0.05860148
[529] 0.04762195 0.05973000 0.10243027 0.07857913 0.02462327 0.09854839 0.07555774 0.11114123
[537] 0.05555760 0.05281863 0.09017456 0.11413086 0.09691695 0.09791827 0.16565714 0.05927803
[545] 0.04399940 0.08657508 0.15490097 0.06521350 0.08109275 0.07176330 0.03785896 0.05209779
[553] 0.22005726 0.06981416 0.04349985 0.09735124 0.11070753 0.13003591 0.05809076 0.10818743
[561] 0.05580267 0.04060709 0.07093248 0.09946761 0.13670865 0.07626903 0.13547934 0.05363184
[569] 0.11532911 0.04983007 0.04426904 0.07828426 0.06956914 0.12611700 0.05529061 0.05502006
[577] 0.09231527 0.11469959 0.05914328 0.05888177 0.08182674 0.05461216 0.08360347 0.08260036
[585] 0.10094754 0.04585420 0.11690602 0.10391109 0.13344659 0.06437158 0.10760576 0.16541271
[593] 0.21700533 0.09484643 0.10908059 0.04799731 0.03657184 0.06114698 0.20164380 0.11570925
[601] 0.07892510 0.06332479 0.04862376 0.08988020 0.05299272 0.06066213 0.07777827 0.10264105
[609] 0.05321106 0.07313460 0.05571473 0.05724425 0.14405484 0.04190281 0.05196332 0.10051873
[617] 0.11955419 0.08195064 0.03823286 0.06774215 0.09474357 0.09521887 0.04463897 0.08559809
[625] 0.06138492 0.10501362 0.03783505 0.06353232 0.06437910 0.09025070 0.03385272 0.10886192
[633] 0.05769691 0.07778834 0.06058586 0.06762288 0.05200080 0.07169868 0.05901005 0.15016073
[641] 0.06473396 0.06851070 0.07051462 0.05528896 0.06000784 0.05335469 0.04580197 0.04839157
[649] 0.14566584 0.05849726 0.06790023 0.06218491 0.03903396 0.06243943 0.14186448 0.07213400
[657] 0.07431831 0.05736419 0.07159285 0.05111483 0.12423201 0.05070960 0.04818541 0.07268163
[665] 0.04517501 0.06260880 0.09186141 0.04232707 0.05238925 0.05690956 0.06801697 0.07203576
[673] 0.05862881 0.06103090 0.05796606 0.14458336 0.06060815 0.08911251 0.06916260 0.06067371
[681] 0.09645746 0.06849107 0.12990398 0.04885679 0.06061921 0.08702963 0.14629446 0.10212518
[689] 0.04213715 0.09340587 0.13122538 0.12913443 0.08926405 0.07333776 0.13046969 0.04444033
[697] 0.16472208 0.05219534 0.06809907 0.05295168 0.11443658 0.04721894 0.12615857 0.13355928
[705] 0.03908412 0.11142535 0.05646731 0.12845316 0.15744916 0.04929436 0.12918115 0.05364708
[713] 0.04014774 0.05477997 0.05416038 0.05969235 0.03342543 0.16677120 0.08766662 0.09839150
[721] 0.11244297 0.05206815 0.04869522 0.14965057 0.04722090 0.05278898 0.05543467 0.09043374
[729] 0.04924452 0.18069136 0.05733103 0.10019565 0.08918915 0.04522684 0.12075243 0.11437643
[737] 0.06145982 0.05783764 0.04596388 0.08840082 0.09148417 0.16385299 0.03968446 0.04212110
[745] 0.05887847 0.11769946 0.03921680 0.07205372 0.10159259 0.09474609 0.11473556 0.05409575
[753] 0.06166152 0.04505855 0.07116698 0.04074457 0.07191518 0.09502349 0.07715424 0.05572818
[761] 0.12271431 0.09396951 0.04352038 0.10042892 0.08986073 0.04627106 0.04679292 0.08237827
[769] 0.05057558 0.05062704 0.05782727 0.06810077 0.06126257 0.11453355 0.06458358 0.08026712
[777] 0.08866214 0.04403319 0.04833645 0.05611675 0.07940280 0.04487522 0.15810099 0.09967133
[785] 0.05580144 0.04153000 0.09645657 0.04585451 0.10055192 0.07942463 0.05796180 0.05059835
[793] 0.07383802 0.09476536 0.04698984 0.08146676 0.05138135 0.13609393 0.09236095 0.11748986
[801] 0.06000148 0.07939118 0.07233235 0.05207307 0.10541930 0.05681043 0.04073448 0.06224435
[809] 0.08202752 0.07939916 0.03812796 0.07084443 0.12049995 0.09328160 0.10316975 0.12145128
[817] 0.05259380 0.07432275 0.09007613 0.05601842 0.11676207 0.04728769 0.06376156 0.04850848
[825] 0.08339183 0.10618001 0.07004909 0.14409952 0.08683711 0.07929480 0.05910117 0.07902298
[833] 0.04602219 0.09592785 0.05022061 0.08608611 0.05998203 0.06553675 0.05103330 0.04762268
[841] 0.08695068 0.06072173 0.05854363 0.03823452 0.09769656 0.04110336 0.04553766 0.07977349
[849] 0.07055606 0.06444485 0.03960336 0.06552278 0.07856928 0.17348541 0.05844644 0.14124694
[857] 0.07436134 0.06943246 0.16569357 0.13181251 0.05185405 0.06309232 0.09745470 0.07215393
[865] 0.11182577 0.13898441 0.05740115 0.07677125 0.05517187 0.05114225 0.07198178 0.07507338
[873] 0.04571896 0.06178977 0.18363551 0.12844555 0.08131440 0.06309500 0.10947264 0.10664071
[881] 0.16858380 0.04598737 0.06744929 0.05601484 0.09638518 0.06749830 0.11611752 0.06792369
[889] 0.04397028 0.08337048 0.04768813 0.06883601 0.04780938 0.09587395 0.08951370 0.13333302
[897] 0.06719224 0.10250183 0.05718107 0.04781611 0.05113216 0.04860052 0.21517533 0.03694898
[905] 0.07191294 0.04944079 0.05941794 0.12366032 0.10738480 0.07546773 0.07222964 0.07213802
[913] 0.10144350 0.05572193 0.12828439 0.08709263 0.10992262 0.13192355 0.05717709 0.04538025
[921] 0.04949256 0.04240660 0.13715019 0.11935953 0.05196546 0.06478591 0.05570782 0.12826918
[929] 0.10880063 0.06964549 0.07546390 0.04879954 0.05869067 0.05606695 0.11768082 0.11130236
[937] 0.08977089 0.04334887 0.12806268 0.10286849 0.03737450 0.04598025 0.07316386 0.10717306
[945] 0.11186000 0.11567712 0.04979803 0.10752438 0.05176180 0.05206831 0.07309767 0.04623090
[953] 0.06158516 0.09063398 0.07501918 0.10560809 0.06742410 0.10760030 0.05574555 0.05480378
[961] 0.05248252 0.08167368 0.05517853 0.09736871 0.04496008 0.08928971 0.05318854 0.12030016
[969] 0.05291581 0.05671061 0.05300390 0.04813490 0.07336376 0.07885628 0.09668784 0.04370949
[977] 0.12621520 0.08146796 0.06669257 0.10821700 0.06381215 0.07504109 0.05082351 0.14399605
[985] 0.04914758 0.09785887 0.08376326 0.06044614 0.05808427 0.05928521 0.05635757 0.08451859
[993] 0.11333205 0.06444114 0.09555010 0.06135143 0.11591941 0.08856610 0.11859739

$sig
  env 
0.063 

attr(,"class")
[1] "palaeoSig"
