Cross-validating:
  |                                                                                           |                                                                                   |   0%  |                                                                                           |=                                                                                  |   1%  |                                                                                           |==                                                                                 |   2%  |                                                                                           |==                                                                                 |   3%  |                                                                                           |===                                                                                |   4%  |                                                                                           |====                                                                               |   5%  |                                                                                           |=====                                                                              |   6%  |                                                                                           |======                                                                             |   7%  |                                                                                           |=======                                                                            |   8%  |                                                                                           |=======                                                                            |   9%  |                                                                                           |========                                                                           |  10%  |                                                                                           |=========                                                                          |  11%  |                                                                                           |==========                                                                         |  12%  |                                                                                           |===========                                                                        |  13%  |                                                                                           |============                                                                       |  14%  |                                                                                           |============                                                                       |  15%  |                                                                                           |=============                                                                      |  16%  |                                                                                           |==============                                                                     |  17%  |                                                                                           |===============                                                                    |  18%  |                                                                                           |================                                                                   |  19%  |                                                                                           |=================                                                                  |  20%  |                                                                                           |=================                                                                  |  21%  |                                                                                           |==================                                                                 |  22%  |                                                                                           |===================                                                                |  23%  |                                                                                           |====================                                                               |  24%  |                                                                                           |=====================                                                              |  25%  |                                                                                           |======================                                                             |  26%  |                                                                                           |======================                                                             |  27%  |                                                                                           |=======================                                                            |  28%  |                                                                                           |========================                                                           |  29%  |                                                                                           |=========================                                                          |  30%  |                                                                                           |==========================                                                         |  31%  |                                                                                           |===========================                                                        |  32%  |                                                                                           |===========================                                                        |  33%  |                                                                                           |============================                                                       |  34%  |                                                                                           |=============================                                                      |  35%  |                                                                                           |==============================                                                     |  36%  |                                                                                           |===============================                                                    |  37%  |                                                                                           |================================                                                   |  38%  |                                                                                           |================================                                                   |  39%  |                                                                                           |=================================                                                  |  40%  |                                                                                           |==================================                                                 |  41%  |                                                                                           |===================================                                                |  42%  |                                                                                           |====================================                                               |  43%  |                                                                                           |=====================================                                              |  44%  |                                                                                           |=====================================                                              |  45%  |                                                                                           |======================================                                             |  46%  |                                                                                           |=======================================                                            |  47%  |                                                                                           |========================================                                           |  48%  |                                                                                           |=========================================                                          |  49%  |                                                                                           |==========================================                                         |  50%  |                                                                                           |==========================================                                         |  51%  |                                                                                           |===========================================                                        |  52%  |                                                                                           |============================================                                       |  53%  |                                                                                           |=============================================                                      |  54%  |                                                                                           |==============================================                                     |  55%  |                                                                                           |==============================================                                     |  56%  |                                                                                           |===============================================                                    |  57%  |                                                                                           |================================================                                   |  58%  |                                                                                           |=================================================                                  |  59%  |                                                                                           |==================================================                                 |  60%  |                                                                                           |===================================================                                |  61%  |                                                                                           |===================================================                                |  62%  |                                                                                           |====================================================                               |  63%  |                                                                                           |=====================================================                              |  64%  |                                                                                           |======================================================                             |  65%  |                                                                                           |=======================================================                            |  66%  |                                                                                           |========================================================                           |  67%  |                                                                                           |========================================================                           |  68%  |                                                                                           |=========================================================                          |  69%  |                                                                                           |==========================================================                         |  70%  |                                                                                           |===========================================================                        |  71%  |                                                                                           |============================================================                       |  72%  |                                                                                           |=============================================================                      |  73%  |                                                                                           |=============================================================                      |  74%  |                                                                                           |==============================================================                     |  75%  |                                                                                           |===============================================================                    |  76%  |                                                                                           |================================================================                   |  77%  |                                                                                           |=================================================================                  |  78%  |                                                                                           |==================================================================                 |  79%  |                                                                                           |==================================================================                 |  80%  |                                                                                           |===================================================================                |  81%  |                                                                                           |====================================================================               |  82%  |                                                                                           |=====================================================================              |  83%  |                                                                                           |======================================================================             |  84%  |                                                                                           |=======================================================================            |  85%  |                                                                                           |=======================================================================            |  86%  |                                                                                           |========================================================================           |  87%  |                                                                                           |=========================================================================          |  88%  |                                                                                           |==========================================================================         |  89%  |                                                                                           |===========================================================================        |  90%  |                                                                                           |============================================================================       |  91%  |                                                                                           |============================================================================       |  92%  |                                                                                           |=============================================================================      |  93%  |                                                                                           |==============================================================================     |  94%  |                                                                                           |===============================================================================    |  95%  |                                                                                           |================================================================================   |  96%  |                                                                                           |=================================================================================  |  97%  |                                                                                           |=================================================================================  |  98%  |                                                                                           |================================================================================== |  99%  |                                                                                           |===================================================================================| 100%

Method : Weighted Averaging
Call   : WA(y = modern_wa, x = parameter, mono = F, tolDW = F, use.N2 = F,  

     tol.cut = 0.01, check.data = T, lean = F) 

Tolerance DW       : No 
Monotonic deshrink : No 
No. samples        : 173 
No. species        : 48 
Cross val.         : bootstrap : no. boot cycles =  100 

Deshrinking regression coefficients:
      Inverse d/s Classical d/s
wa.b0     74.6782      -29.3866
wa.b1      3.2001        0.1359

Performance:
               RMSE      R2  Avg.Bias  Max.Bias     Skill
WA.inv       3.4698  0.4348    0.0000    6.2055   43.4809
WA.cla       5.2620  0.4348    0.0000    9.8812  -29.9863
WA.inv_XVal  3.6471  0.4001   -0.1187    6.4699   39.8603
WA.cla_XVal  5.1645  0.4063   -0.2378    9.8304  -13.5461

$PCA
Call: rda(X = fos)

              Inertia Rank
Total              58     
Unconstrained      58   32
Inertia is variance 

Eigenvalues for unconstrained axes:
   PC1    PC2    PC3    PC4    PC5    PC6    PC7    PC8 
16.986 10.980  9.515  7.327  3.422  2.151  1.618  1.536 
(Showing 8 of 32 unconstrained eigenvalues)


$preds
$preds$env
        2         6        10        14        18        22        30        34        38 
0.4985943 0.3811309 0.3419621 0.3952831 0.4079701 0.5244692 0.5003154 0.4915923 0.6464035 
       42        46        50        54        58        62        66        70        74 
0.6405321 0.5533123 0.5914693 0.4883265 0.6288530 0.6250315 0.6226055 0.5775351 0.5268982 
       78        82        86        90        94        98       102       106       110 
0.6498962 0.6350777 0.6407630 0.6299586 0.5172672 0.4717527 0.5192771 0.4958781 0.4729019 
      114       118       122       126       130       134       138       142       146 
0.5917155 0.4223218 0.5239241 0.5382971 0.5672213 0.5566306 0.5207440 0.5757116 0.5211173 
      150       154       158       162       166       170       174       178       182 
0.5650995 0.5020556 0.5386995 0.5765669 0.5353943 0.4025344 0.5414233 0.4709867 0.6449182 
      186       190       194       198       202       206       210       214 
0.5372804 0.4983604 0.4742619 0.5116198 0.5857408 0.5109092 0.4531599 0.5172629 


$MAX
      PC1 
0.2928665 

$EX
      env 
0.1618844 

$eig1
      env 
0.2495906 

$sim.ex
  [1] 0.09193875 0.10276851 0.07244548 0.04932973 0.08763353 0.09954526 0.09082196 0.05886850
  [9] 0.12589267 0.08942507 0.09108616 0.09304273 0.08077617 0.07761225 0.09078714 0.06421372
 [17] 0.07854039 0.07767973 0.06002695 0.07808405 0.10656584 0.09114066 0.05852707 0.05641430
 [25] 0.10764354 0.05126869 0.08913094 0.16296591 0.10489890 0.06289216 0.05819930 0.08065876
 [33] 0.07093549 0.06612639 0.07162327 0.08147215 0.03810217 0.10372461 0.08501866 0.10700052
 [41] 0.06654886 0.09993976 0.06622220 0.09575842 0.09875184 0.05724431 0.03789319 0.09063957
 [49] 0.16591189 0.09582505 0.09228185 0.11152812 0.04107322 0.06526150 0.05770734 0.05655127
 [57] 0.07022765 0.04726819 0.07594372 0.08022285 0.04902217 0.04491797 0.04519951 0.08779864
 [65] 0.07640807 0.07122001 0.08477502 0.10564053 0.06451432 0.10133221 0.03387309 0.05814660
 [73] 0.12363328 0.07427777 0.05099695 0.07658562 0.10191331 0.05898336 0.04362781 0.06014131
 [81] 0.04542249 0.06099846 0.08751248 0.10001493 0.07993279 0.13404042 0.09610412 0.09116279
 [89] 0.09457740 0.11155578 0.07421392 0.06952325 0.15368333 0.06768967 0.08040447 0.05968814
 [97] 0.06126289 0.11393164 0.08883499 0.05509764 0.04112913 0.13358836 0.06184974 0.21837240
[105] 0.07026525 0.04449917 0.06944459 0.10403956 0.06074398 0.06942382 0.04760034 0.05063449
[113] 0.10592138 0.07109061 0.05725320 0.08789633 0.11313853 0.07517042 0.09058868 0.06878866
[121] 0.20439203 0.06101732 0.11522315 0.10522600 0.04793080 0.14063986 0.16281623 0.08088137
[129] 0.06057747 0.14137466 0.05188672 0.08709305 0.10821337 0.10585908 0.11438943 0.10047876
[137] 0.07958103 0.07278837 0.15504321 0.12609649 0.04608407 0.05788309 0.04735816 0.04026045
[145] 0.06272027 0.19142100 0.04486587 0.11430667 0.04685436 0.03891251 0.05366127 0.12237427
[153] 0.08488550 0.07351323 0.09729388 0.10871643 0.04191316 0.10551162 0.11766312 0.05608874
[161] 0.07776825 0.08345926 0.09817797 0.13704959 0.08000420 0.05905879 0.10127509 0.05287324
[169] 0.07883993 0.09661294 0.05912690 0.04428667 0.06424761 0.07796962 0.05042377 0.05086189
[177] 0.05179323 0.11551227 0.09468197 0.05555138 0.10523903 0.04436915 0.07175448 0.03768216
[185] 0.09390635 0.06029295 0.05169056 0.09722725 0.05142301 0.03879617 0.05359972 0.10279731
[193] 0.08279198 0.12443170 0.06099896 0.14470432 0.13722761 0.05494003 0.07414120 0.06511479
[201] 0.04991584 0.09156269 0.03674399 0.06996600 0.06858433 0.05966872 0.04491950 0.05396350
[209] 0.04873099 0.06614550 0.10211017 0.04079031 0.09303317 0.07756369 0.06746959 0.12210452
[217] 0.13010890 0.04581874 0.19401497 0.07653856 0.06691844 0.09592541 0.08535486 0.05937224
[225] 0.18988420 0.04391878 0.05582339 0.12638817 0.14473467 0.09716328 0.07749453 0.04287363
[233] 0.05459898 0.10549154 0.04545959 0.11500199 0.08488664 0.12591736 0.12120919 0.07245003
[241] 0.04771185 0.08576201 0.07352827 0.09694804 0.07712973 0.06712267 0.07042848 0.05546627
[249] 0.08295507 0.08758977 0.07369453 0.12119293 0.04536276 0.04767705 0.04424543 0.05591233
[257] 0.04476743 0.11711856 0.07223234 0.09259551 0.09885474 0.11286938 0.05155683 0.06565218
[265] 0.08663787 0.07670607 0.05468986 0.05351979 0.09469790 0.09483072 0.05495868 0.07161818
[273] 0.12685388 0.13275306 0.08293914 0.08005292 0.04663974 0.16838124 0.06426754 0.05913746
[281] 0.09413234 0.05267735 0.07592433 0.06460532 0.07700949 0.11182885 0.12121525 0.11036434
[289] 0.11041205 0.08813147 0.04107880 0.13062730 0.08232809 0.08718319 0.06581149 0.05838838
[297] 0.08807698 0.08382458 0.07053504 0.09361267 0.06991304 0.05989647 0.08831004 0.21579382
[305] 0.15487585 0.05924234 0.05972329 0.06387561 0.12163014 0.06894319 0.12164705 0.12713579
[313] 0.11412118 0.05310162 0.05806341 0.12887549 0.05027959 0.07949667 0.06293794 0.06400052
[321] 0.05880331 0.05723094 0.04381494 0.16185021 0.11418268 0.05817432 0.06571661 0.07091772
[329] 0.08317189 0.08136646 0.05291390 0.04719054 0.10418336 0.13198786 0.09653788 0.07757611
[337] 0.10092090 0.04183893 0.11718838 0.07318526 0.07059889 0.08826946 0.08373175 0.06626350
[345] 0.12404865 0.06439263 0.04604101 0.05481566 0.15498621 0.11312010 0.05951538 0.04965602
[353] 0.09611431 0.05362927 0.05892949 0.04259678 0.12906671 0.06894116 0.06531727 0.05135367
[361] 0.13139192 0.08866721 0.07863997 0.12947545 0.04936283 0.13585659 0.06638474 0.15921938
[369] 0.04223873 0.06438734 0.06087391 0.12570270 0.06072812 0.04909279 0.12608161 0.02729516
[377] 0.04424488 0.04300808 0.07177003 0.09140754 0.04933473 0.07954694 0.12913998 0.04664055
[385] 0.09881215 0.05254249 0.07538761 0.04746436 0.05406586 0.11794040 0.05112114 0.04612341
[393] 0.08229084 0.06695532 0.07383252 0.05221545 0.11742664 0.06368158 0.10961542 0.10162050
[401] 0.06578499 0.08580195 0.04923892 0.05192869 0.06451342 0.04877831 0.03842618 0.07036129
[409] 0.07227416 0.11213843 0.06005592 0.06227613 0.09430885 0.09448146 0.08577585 0.07028903
[417] 0.18930852 0.07628760 0.05903594 0.11053471 0.05801055 0.04870461 0.05424703 0.15257851
[425] 0.06168591 0.04938218 0.14773176 0.06631019 0.07984679 0.17577752 0.08913003 0.07510168
[433] 0.07781386 0.12927933 0.08450593 0.08515174 0.05269486 0.10344664 0.05964323 0.12736417
[441] 0.05652063 0.09879510 0.07846555 0.06221321 0.10541141 0.07730783 0.10978007 0.21589679
[449] 0.16490653 0.03562599 0.04716026 0.03839059 0.04377704 0.19844717 0.05197869 0.12010533
[457] 0.07965538 0.10167522 0.08207369 0.14340089 0.06476656 0.17689796 0.09049734 0.04699896
[465] 0.04467799 0.09441918 0.13176095 0.06433879 0.09131667 0.12727918 0.10446623 0.07148584
[473] 0.06723832 0.05110711 0.07327275 0.08766567 0.06532957 0.07156218 0.05502175 0.10376878
[481] 0.08194963 0.06627536 0.10578908 0.08906621 0.03787426 0.15829811 0.08664422 0.07132452
[489] 0.04359414 0.20797953 0.05029516 0.06525860 0.19823284 0.02525286 0.03968559 0.10525386
[497] 0.11199721 0.03885340 0.07390172 0.05973687 0.04897072 0.06908590 0.07068002 0.18153233
[505] 0.04487651 0.07474155 0.11500248 0.10522949 0.09093212 0.09225288 0.05342346 0.07065416
[513] 0.10747416 0.04531063 0.09458860 0.04485277 0.12173054 0.10172419 0.09940946 0.09248262
[521] 0.05562500 0.03718904 0.06853463 0.24853035 0.06669836 0.08181828 0.10148669 0.22746582
[529] 0.05455882 0.06921254 0.03147295 0.11441186 0.06349695 0.06334141 0.22222365 0.05023188
[537] 0.07020589 0.04221869 0.06420296 0.05325892 0.03845595 0.07452873 0.06097398 0.08094823
[545] 0.03527762 0.11542440 0.05116368 0.06829440 0.05335332 0.08154637 0.06906020 0.11596060
[553] 0.09784348 0.10772428 0.03903058 0.04700507 0.04948255 0.06220159 0.04312883 0.10417642
[561] 0.05017537 0.08815383 0.06132618 0.07192904 0.04851989 0.06802647 0.07575525 0.04154822
[569] 0.06678876 0.05150295 0.16648702 0.05985355 0.04416699 0.12609991 0.05422156 0.09367450
[577] 0.08243914 0.03760382 0.09865813 0.06178722 0.04311434 0.05293195 0.20809614 0.06480554
[585] 0.07584226 0.04951145 0.08536119 0.06814435 0.06171494 0.08881775 0.11786276 0.05901821
[593] 0.05302769 0.09022593 0.07004277 0.07822781 0.15493139 0.07110971 0.05970989 0.05035212
[601] 0.05969932 0.18315433 0.07511974 0.06172444 0.05663036 0.08061242 0.07096895 0.07814088
[609] 0.17255601 0.07606713 0.16463065 0.10420944 0.05044073 0.05332190 0.05842446 0.06460590
[617] 0.03886540 0.04765688 0.06883082 0.04557444 0.17595107 0.05357273 0.05931155 0.19814887
[625] 0.07225021 0.11369319 0.04198773 0.07163181 0.06841093 0.07256598 0.05067840 0.04112869
[633] 0.11106752 0.11222101 0.06834631 0.08666663 0.06726752 0.15378663 0.05977533 0.09822806
[641] 0.05507952 0.06902689 0.07271873 0.04631922 0.10379724 0.10628639 0.07332072 0.13016780
[649] 0.17203857 0.11994619 0.05715335 0.12411317 0.08081812 0.09084613 0.08741348 0.07558987
[657] 0.09659814 0.15637600 0.13287356 0.07603553 0.04946105 0.10861769 0.14328424 0.11498629
[665] 0.09935521 0.05245875 0.06890304 0.06151890 0.06537392 0.09265898 0.15307618 0.08978203
[673] 0.05053507 0.05687020 0.04521148 0.07212624 0.05522821 0.05789657 0.11915840 0.09106321
[681] 0.10352757 0.08784252 0.05093038 0.09314188 0.04372267 0.06313172 0.13509378 0.06356677
[689] 0.11457472 0.05210888 0.06950664 0.08089976 0.06581685 0.08427130 0.08596492 0.09984767
[697] 0.05784566 0.09604025 0.05442255 0.07658646 0.10623804 0.16650855 0.21380744 0.03948115
[705] 0.03604885 0.09533402 0.08943101 0.07405689 0.06342900 0.05472901 0.08348574 0.13292303
[713] 0.03946100 0.07947674 0.06652642 0.05714312 0.04349287 0.05178489 0.04562204 0.13305050
[721] 0.08073468 0.08585452 0.07560807 0.12443948 0.08068006 0.05668752 0.06391903 0.06005251
[729] 0.11697595 0.06880475 0.18740541 0.07072820 0.10201054 0.08134651 0.05840912 0.06442325
[737] 0.09249679 0.07024552 0.08574883 0.16207812 0.06222815 0.05649308 0.10014975 0.08865556
[745] 0.05517323 0.09317660 0.11699027 0.04792909 0.18121622 0.14064374 0.06728782 0.04413193
[753] 0.02369013 0.05252299 0.16818653 0.05507999 0.06373715 0.05517383 0.06621861 0.14215902
[761] 0.08272625 0.15904280 0.08780843 0.06795090 0.08517303 0.04315209 0.03857647 0.08662723
[769] 0.15501370 0.05775048 0.06049734 0.18947927 0.12888353 0.10255704 0.04590496 0.04804729
[777] 0.05094991 0.05366157 0.14195928 0.07287566 0.09325541 0.11615044 0.03907455 0.03892132
[785] 0.05315580 0.07320912 0.04661291 0.05386036 0.08609945 0.11705613 0.06476398 0.18284336
[793] 0.13255997 0.06263545 0.14411628 0.07419059 0.04079005 0.06766048 0.18597292 0.11732885
[801] 0.12209084 0.09137813 0.05212936 0.18031924 0.06404180 0.04768607 0.11269759 0.08012070
[809] 0.08267076 0.09754641 0.12762214 0.04618772 0.08964060 0.05969376 0.12272678 0.10272579
[817] 0.09611515 0.04764792 0.09069943 0.04701297 0.06607125 0.11931088 0.04198467 0.15496115
[825] 0.19109006 0.05867391 0.08661971 0.05302225 0.05205597 0.05843488 0.07120885 0.09659045
[833] 0.06177749 0.20408036 0.09021023 0.04303583 0.09671206 0.16591782 0.08477004 0.05838975
[841] 0.05842217 0.17560755 0.16658075 0.05806561 0.05430176 0.04967701 0.07263420 0.05975642
[849] 0.06286986 0.07053899 0.06626814 0.16378140 0.05289032 0.08719521 0.11966132 0.05807184
[857] 0.04777559 0.05762723 0.18640574 0.03872504 0.10292499 0.12933691 0.04999367 0.10496758
[865] 0.08788834 0.03953984 0.07940807 0.05194711 0.04526787 0.05108152 0.04184893 0.08797412
[873] 0.04578374 0.07494175 0.07706435 0.15123245 0.14879161 0.15373682 0.08462964 0.04860298
[881] 0.05252698 0.04557086 0.05119946 0.04706890 0.06972489 0.05321484 0.03011121 0.09604179
[889] 0.04594430 0.08806116 0.03983298 0.04982334 0.12788610 0.04553550 0.04586077 0.06211622
[897] 0.08850485 0.08246500 0.20480048 0.08711038 0.05014195 0.07224486 0.04411359 0.05905259
[905] 0.10929127 0.04347872 0.04824047 0.08723221 0.07355472 0.09491536 0.07944606 0.05564910
[913] 0.07772018 0.05688259 0.08605418 0.05870724 0.10342229 0.11739568 0.09086994 0.14276579
[921] 0.04802555 0.10355615 0.12274145 0.10368150 0.05643328 0.09124006 0.05346103 0.06204590
[929] 0.07469270 0.07817476 0.04248265 0.06871382 0.09645448 0.14886656 0.05776491 0.04422370
[937] 0.12510269 0.08134422 0.13905633 0.10401077 0.04143153 0.07267031 0.07457289 0.11151370
[945] 0.13294630 0.06735761 0.04987812 0.07496420 0.05191449 0.08295637 0.06730713 0.05691385
[953] 0.05101999 0.06163650 0.07739147 0.07454567 0.11196143 0.06468439 0.13687195 0.06871223
[961] 0.11803692 0.04705749 0.07042634 0.09019058 0.04680271 0.06544227 0.03762001 0.12618030
[969] 0.14225975 0.06282076 0.09151518 0.10391100 0.04186880 0.05984395 0.06914705 0.20645472
[977] 0.10939826 0.11892219 0.17882895 0.10735388 0.03526784 0.16646407 0.05295798 0.05020559
[985] 0.08276314 0.07474732 0.04646081 0.08855013 0.07206100 0.08769540 0.08769261 0.09262530
[993] 0.13877934 0.12070280 0.04715685 0.11597397 0.12632631 0.04399424 0.03694607

$sig
  env 
0.052 

attr(,"class")
[1] "palaeoSig"
