Cross-validating:
  |                                                                                           |                                                                                   |   0%  |                                                                                           |=                                                                                  |   1%  |                                                                                           |==                                                                                 |   2%  |                                                                                           |==                                                                                 |   3%  |                                                                                           |===                                                                                |   4%  |                                                                                           |====                                                                               |   5%  |                                                                                           |=====                                                                              |   6%  |                                                                                           |======                                                                             |   7%  |                                                                                           |=======                                                                            |   8%  |                                                                                           |=======                                                                            |   9%  |                                                                                           |========                                                                           |  10%  |                                                                                           |=========                                                                          |  11%  |                                                                                           |==========                                                                         |  12%  |                                                                                           |===========                                                                        |  13%  |                                                                                           |============                                                                       |  14%  |                                                                                           |============                                                                       |  15%  |                                                                                           |=============                                                                      |  16%  |                                                                                           |==============                                                                     |  17%  |                                                                                           |===============                                                                    |  18%  |                                                                                           |================                                                                   |  19%  |                                                                                           |=================                                                                  |  20%  |                                                                                           |=================                                                                  |  21%  |                                                                                           |==================                                                                 |  22%  |                                                                                           |===================                                                                |  23%  |                                                                                           |====================                                                               |  24%  |                                                                                           |=====================                                                              |  25%  |                                                                                           |======================                                                             |  26%  |                                                                                           |======================                                                             |  27%  |                                                                                           |=======================                                                            |  28%  |                                                                                           |========================                                                           |  29%  |                                                                                           |=========================                                                          |  30%  |                                                                                           |==========================                                                         |  31%  |                                                                                           |===========================                                                        |  32%  |                                                                                           |===========================                                                        |  33%  |                                                                                           |============================                                                       |  34%  |                                                                                           |=============================                                                      |  35%  |                                                                                           |==============================                                                     |  36%  |                                                                                           |===============================                                                    |  37%  |                                                                                           |================================                                                   |  38%  |                                                                                           |================================                                                   |  39%  |                                                                                           |=================================                                                  |  40%  |                                                                                           |==================================                                                 |  41%  |                                                                                           |===================================                                                |  42%  |                                                                                           |====================================                                               |  43%  |                                                                                           |=====================================                                              |  44%  |                                                                                           |=====================================                                              |  45%  |                                                                                           |======================================                                             |  46%  |                                                                                           |=======================================                                            |  47%  |                                                                                           |========================================                                           |  48%  |                                                                                           |=========================================                                          |  49%  |                                                                                           |==========================================                                         |  50%  |                                                                                           |==========================================                                         |  51%  |                                                                                           |===========================================                                        |  52%  |                                                                                           |============================================                                       |  53%  |                                                                                           |=============================================                                      |  54%  |                                                                                           |==============================================                                     |  55%  |                                                                                           |==============================================                                     |  56%  |                                                                                           |===============================================                                    |  57%  |                                                                                           |================================================                                   |  58%  |                                                                                           |=================================================                                  |  59%  |                                                                                           |==================================================                                 |  60%  |                                                                                           |===================================================                                |  61%  |                                                                                           |===================================================                                |  62%  |                                                                                           |====================================================                               |  63%  |                                                                                           |=====================================================                              |  64%  |                                                                                           |======================================================                             |  65%  |                                                                                           |=======================================================                            |  66%  |                                                                                           |========================================================                           |  67%  |                                                                                           |========================================================                           |  68%  |                                                                                           |=========================================================                          |  69%  |                                                                                           |==========================================================                         |  70%  |                                                                                           |===========================================================                        |  71%  |                                                                                           |============================================================                       |  72%  |                                                                                           |=============================================================                      |  73%  |                                                                                           |=============================================================                      |  74%  |                                                                                           |==============================================================                     |  75%  |                                                                                           |===============================================================                    |  76%  |                                                                                           |================================================================                   |  77%  |                                                                                           |=================================================================                  |  78%  |                                                                                           |==================================================================                 |  79%  |                                                                                           |==================================================================                 |  80%  |                                                                                           |===================================================================                |  81%  |                                                                                           |====================================================================               |  82%  |                                                                                           |=====================================================================              |  83%  |                                                                                           |======================================================================             |  84%  |                                                                                           |=======================================================================            |  85%  |                                                                                           |=======================================================================            |  86%  |                                                                                           |========================================================================           |  87%  |                                                                                           |=========================================================================          |  88%  |                                                                                           |==========================================================================         |  89%  |                                                                                           |===========================================================================        |  90%  |                                                                                           |============================================================================       |  91%  |                                                                                           |============================================================================       |  92%  |                                                                                           |=============================================================================      |  93%  |                                                                                           |==============================================================================     |  94%  |                                                                                           |===============================================================================    |  95%  |                                                                                           |================================================================================   |  96%  |                                                                                           |=================================================================================  |  97%  |                                                                                           |=================================================================================  |  98%  |                                                                                           |================================================================================== |  99%  |                                                                                           |===================================================================================| 100%

Method : Weighted Averaging
Call   : WA(y = modern_wa, x = parameter, mono = F, tolDW = F, use.N2 = F,  

     tol.cut = 0.01, check.data = T, lean = F) 

Tolerance DW       : No 
Monotonic deshrink : No 
No. samples        : 173 
No. species        : 48 
Cross val.         : bootstrap : no. boot cycles =  100 

Deshrinking regression coefficients:
      Inverse d/s Classical d/s
wa.b0    -26.3635       11.3394
wa.b1      2.7946        0.2300

Performance:
               RMSE      R2  Avg.Bias  Max.Bias    Skill
WA.inv       1.5912  0.6427    0.0000    5.4188  64.2707
WA.cla       1.9849  0.6427    0.0000    4.8707  44.4081
WA.inv_XVal  1.6806  0.6148    0.0233    5.7389  61.4476
WA.cla_XVal  2.0144  0.6172    0.0393    5.3666  45.7675

$PCA
Call: rda(X = fos)

              Inertia Rank
Total              58     
Unconstrained      58   32
Inertia is variance 

Eigenvalues for unconstrained axes:
   PC1    PC2    PC3    PC4    PC5    PC6    PC7    PC8 
16.986 10.980  9.515  7.327  3.422  2.151  1.618  1.536 
(Showing 8 of 32 unconstrained eigenvalues)


$preds
$preds$env
        2         6        10        14        18        22        30        34        38 
-31.65898 -30.05342 -26.83268 -30.76938 -30.00409 -37.48835 -29.09511 -30.24332 -31.90470 
       42        46        50        54        58        62        66        70        74 
-33.56342 -32.13395 -33.11606 -31.04403 -32.84265 -30.73058 -32.61987 -31.71237 -30.75705 
       78        82        86        90        94        98       102       106       110 
-32.94408 -31.11611 -31.32915 -31.86486 -29.29637 -28.16325 -30.90057 -31.02670 -30.70979 
      114       118       122       126       130       134       138       142       146 
-29.67975 -30.24798 -30.48650 -30.69712 -28.95281 -29.78037 -30.00312 -29.97932 -30.94077 
      150       154       158       162       166       170       174       178       182 
-29.71610 -28.99726 -29.12100 -30.68910 -28.40338 -29.94953 -29.56936 -28.81332 -30.39091 
      186       190       194       198       202       206       210       214 
-30.28645 -29.60886 -27.81673 -29.12248 -29.75200 -29.13678 -27.75464 -29.01974 


$MAX
      PC1 
0.2928665 

$EX
     env 
0.179079 

$eig1
      env 
0.2280039 

$sim.ex
  [1] 0.12073604 0.08160969 0.04622188 0.05575222 0.06454361 0.15880296 0.03739925 0.07035868
  [9] 0.10407578 0.13092348 0.12919569 0.03829340 0.05206202 0.11775036 0.10595948 0.03806556
 [17] 0.05999300 0.05271210 0.04949506 0.05091988 0.06521274 0.06398775 0.05901668 0.05783296
 [25] 0.09003345 0.04219409 0.08863951 0.05032974 0.03936552 0.09028466 0.15769669 0.15588382
 [33] 0.18211761 0.10107126 0.08014155 0.08551639 0.04058259 0.03807354 0.04360266 0.12315486
 [41] 0.17819431 0.08396400 0.04112739 0.04169251 0.10324608 0.05523107 0.03795217 0.12863354
 [49] 0.09502351 0.07522306 0.04869277 0.04837188 0.04697265 0.09046001 0.15728130 0.02656451
 [57] 0.07307422 0.05286534 0.06533583 0.08750341 0.06350358 0.06874806 0.15690910 0.10288419
 [65] 0.09020026 0.06892450 0.06595667 0.06129097 0.04854375 0.06583962 0.05869826 0.08148687
 [73] 0.04159502 0.04918410 0.06441819 0.04494388 0.04724671 0.06926827 0.13081128 0.09358964
 [81] 0.04120265 0.06454087 0.08557582 0.04571956 0.12031386 0.05024265 0.07089166 0.10371878
 [89] 0.10316380 0.15345687 0.19363942 0.07517703 0.11891562 0.05016881 0.05787564 0.11786200
 [97] 0.17219178 0.05794629 0.07635042 0.11885028 0.09818606 0.04350442 0.07876866 0.06774636
[105] 0.13133667 0.09064499 0.07434778 0.05375475 0.07367966 0.09424028 0.05523366 0.08542265
[113] 0.15389176 0.04310848 0.05616362 0.11501328 0.06100942 0.08047709 0.08720083 0.05455679
[121] 0.14589627 0.04742295 0.06579444 0.07049338 0.05314403 0.08556014 0.13267780 0.18845220
[129] 0.09262802 0.05829957 0.08116992 0.04065257 0.04463874 0.12979591 0.04733171 0.06432186
[137] 0.07843464 0.15423577 0.07962739 0.10756438 0.04627727 0.05960345 0.08029361 0.08738217
[145] 0.03626779 0.14458624 0.09284356 0.07479305 0.12887405 0.04763898 0.10525215 0.08094217
[153] 0.06544616 0.11574561 0.12541574 0.10223131 0.09813636 0.06505432 0.04670754 0.06320532
[161] 0.13484469 0.04381559 0.04197526 0.04179881 0.05585321 0.06760385 0.09938078 0.05212674
[169] 0.08541532 0.05715347 0.06681123 0.13585026 0.07772457 0.05561491 0.07123515 0.07152211
[177] 0.13998209 0.03542484 0.07432611 0.06156064 0.11545957 0.06071003 0.10676602 0.11749012
[185] 0.06845397 0.06576360 0.05922087 0.06420863 0.05236498 0.12893113 0.07818442 0.07241468
[193] 0.08943098 0.11639458 0.06261604 0.13583525 0.08506011 0.10936491 0.09461534 0.06991819
[201] 0.07168822 0.08340634 0.04969503 0.07529949 0.07096625 0.15981956 0.04524905 0.14970738
[209] 0.15626737 0.05822918 0.10987269 0.06704888 0.02831041 0.10764582 0.10315155 0.07432111
[217] 0.11792741 0.20625276 0.05764367 0.13073034 0.06431512 0.05181544 0.13752578 0.05350784
[225] 0.09110747 0.04841443 0.05725932 0.08584675 0.06741759 0.04652113 0.10546387 0.04418365
[233] 0.05249790 0.04208291 0.08353040 0.08313198 0.03895382 0.03422938 0.06600139 0.13879222
[241] 0.08490535 0.08200326 0.11233450 0.04411168 0.08125580 0.05707549 0.03173117 0.05448851
[249] 0.12378882 0.07643039 0.03833351 0.09839297 0.03856906 0.06972972 0.07015606 0.05758085
[257] 0.07142281 0.04782681 0.06876213 0.07693733 0.07982025 0.04043167 0.07001148 0.05786587
[265] 0.06511843 0.07524209 0.05290845 0.17480936 0.04837420 0.05570914 0.05827222 0.05603657
[273] 0.10433244 0.13254744 0.04585108 0.03651729 0.09493974 0.04972574 0.10190754 0.12741587
[281] 0.13655426 0.08485297 0.06595491 0.09796899 0.05571350 0.07652207 0.10636533 0.08041142
[289] 0.05366181 0.06987489 0.11230801 0.12896914 0.07202301 0.03700145 0.06183069 0.14941820
[297] 0.06013969 0.04657778 0.05181033 0.09882547 0.08381484 0.04310955 0.06493503 0.07300736
[305] 0.09340279 0.06582275 0.07548108 0.09769538 0.05207059 0.04653396 0.12492026 0.10118161
[313] 0.06205881 0.08940357 0.09831924 0.06507027 0.18223910 0.04824697 0.03920342 0.09163893
[321] 0.05210305 0.07351010 0.06904702 0.23840999 0.06739415 0.04398858 0.05400795 0.07285123
[329] 0.08200904 0.06128850 0.09403513 0.04459704 0.09408787 0.14987261 0.05579843 0.15574053
[337] 0.07640622 0.09192701 0.05567738 0.06220370 0.04669737 0.16479137 0.08061862 0.12503648
[345] 0.04402642 0.07901902 0.09246294 0.17055461 0.13005860 0.10928625 0.05195552 0.17273345
[353] 0.16934461 0.05750305 0.12208399 0.05700710 0.04763368 0.13170223 0.05975384 0.05421035
[361] 0.06867927 0.07285262 0.04915731 0.07952299 0.10784066 0.03783157 0.06946186 0.06330945
[369] 0.15517666 0.05269189 0.04583014 0.09481638 0.06918731 0.05113674 0.13188271 0.08675101
[377] 0.06997609 0.14264605 0.05391292 0.04371187 0.18370240 0.04244694 0.07481185 0.07058904
[385] 0.08364892 0.15409246 0.12341865 0.08596280 0.20784144 0.06097536 0.07862569 0.13388441
[393] 0.05701777 0.07854775 0.06513322 0.10663394 0.04223638 0.09519415 0.10604575 0.10863349
[401] 0.04014063 0.09088092 0.08835074 0.06005165 0.16923488 0.15114124 0.09910873 0.09401128
[409] 0.04356817 0.05085526 0.08648092 0.07751563 0.08439318 0.12251263 0.09099047 0.19271754
[417] 0.04923198 0.06691874 0.09119343 0.05159094 0.05776185 0.04075102 0.05218759 0.10988289
[425] 0.11583248 0.09499035 0.07886749 0.04652935 0.12327413 0.05419744 0.04595565 0.04454907
[433] 0.10456190 0.03947775 0.12351713 0.12330035 0.06095687 0.05424403 0.06065045 0.05203631
[441] 0.18681537 0.18220943 0.07283370 0.12759872 0.05441778 0.04028988 0.10297847 0.06838183
[449] 0.04903499 0.11802990 0.12910035 0.03760223 0.04307473 0.09390443 0.16036979 0.05093211
[457] 0.04209383 0.08979259 0.04175058 0.09880855 0.06225378 0.09593001 0.06215029 0.09326051
[465] 0.06844192 0.20781022 0.05765037 0.04079981 0.05310602 0.08798935 0.08319608 0.11218718
[473] 0.05331801 0.08055966 0.04623671 0.18399904 0.18467251 0.12439953 0.06167641 0.04294562
[481] 0.06521299 0.11947667 0.04085095 0.04519988 0.04492709 0.04703873 0.06335157 0.04187944
[489] 0.11797229 0.05265845 0.06220384 0.04738496 0.05837255 0.05136074 0.05425331 0.13830601
[497] 0.05315462 0.12321984 0.19917715 0.11251025 0.12013309 0.05881249 0.04873981 0.05243159
[505] 0.06609302 0.05413240 0.04955233 0.05369865 0.07026326 0.09106837 0.05224993 0.07422375
[513] 0.05284238 0.04134744 0.09609834 0.05052785 0.07306302 0.05023650 0.14169576 0.08648792
[521] 0.09408801 0.15130829 0.06142290 0.20910310 0.07552227 0.20975918 0.04045368 0.06389018
[529] 0.11660220 0.14187463 0.05790714 0.09738080 0.12342611 0.07406969 0.09910735 0.05858155
[537] 0.15725045 0.04014517 0.10575222 0.07583878 0.10145081 0.06575541 0.06016758 0.05474165
[545] 0.05101844 0.05470153 0.04189229 0.08000700 0.04297494 0.13749082 0.16304202 0.09860214
[553] 0.07551094 0.08579704 0.06132944 0.04492990 0.07398867 0.04822049 0.08132992 0.05208780
[561] 0.12974827 0.15274343 0.09401471 0.07524037 0.07814873 0.08292178 0.05780803 0.15830434
[569] 0.09983599 0.08091062 0.11148753 0.05156322 0.09911168 0.07440962 0.07878787 0.11460238
[577] 0.05071663 0.10938249 0.15959827 0.09397584 0.13078445 0.04661330 0.07057599 0.13600188
[585] 0.16779073 0.08890644 0.10010013 0.09179803 0.09961169 0.06108133 0.12245489 0.05459577
[593] 0.09385065 0.11543328 0.12994940 0.04626835 0.07237386 0.14253575 0.06815723 0.06872963
[601] 0.10539051 0.05203768 0.14295481 0.07213810 0.13932478 0.05214232 0.07802458 0.05253013
[609] 0.16231356 0.06177177 0.07688247 0.05063645 0.11616233 0.06708292 0.06952922 0.12693920
[617] 0.07539976 0.11191637 0.11630439 0.05342153 0.07228478 0.06374814 0.07680313 0.12395011
[625] 0.09982396 0.04030407 0.05626201 0.11859913 0.05723131 0.06818670 0.06785374 0.10645389
[633] 0.05575442 0.09929054 0.05579758 0.08543171 0.06002392 0.03737268 0.07389189 0.06719964
[641] 0.04363593 0.04798328 0.14078434 0.05506046 0.05980842 0.05611026 0.06504926 0.20360567
[649] 0.04597226 0.07957019 0.10950544 0.11214585 0.07739941 0.09973982 0.03637537 0.06823034
[657] 0.05566608 0.05102270 0.09469934 0.07723700 0.06582716 0.17125439 0.04211506 0.08184660
[665] 0.12995152 0.06154601 0.06718036 0.08613360 0.14070078 0.14363835 0.04991418 0.05075034
[673] 0.08598727 0.13888600 0.05941442 0.10149271 0.05479352 0.14953824 0.09352412 0.04743447
[681] 0.05330843 0.04171300 0.07684640 0.07230656 0.10725543 0.04071980 0.10174300 0.09475386
[689] 0.12423052 0.09738896 0.08998787 0.18807997 0.14380004 0.04121373 0.03960073 0.18132517
[697] 0.08473225 0.07011305 0.07711863 0.18620921 0.09652528 0.08299710 0.04274804 0.06890284
[705] 0.08347290 0.03707021 0.04491096 0.06417818 0.03227638 0.04535439 0.05780784 0.04975769
[713] 0.09150204 0.09655604 0.10158804 0.14431708 0.05098982 0.07671550 0.10007875 0.06191592
[721] 0.10617327 0.06243409 0.05808342 0.10455763 0.10824555 0.10090249 0.12589738 0.09495556
[729] 0.17021608 0.05795581 0.06011944 0.06466678 0.06329635 0.12870221 0.04984879 0.05388210
[737] 0.05626038 0.06597048 0.03789156 0.16628240 0.06953778 0.06262265 0.06937993 0.09375584
[745] 0.03201937 0.07471177 0.08976709 0.06645902 0.08999666 0.04632697 0.17740217 0.04346903
[753] 0.18317814 0.06501337 0.07769423 0.04456853 0.06081123 0.07295489 0.05095736 0.14846144
[761] 0.07494595 0.04898329 0.05316145 0.06356407 0.08291460 0.04621939 0.08070660 0.04178871
[769] 0.15954505 0.05160623 0.20122530 0.06095695 0.05499196 0.11060023 0.11545888 0.10301181
[777] 0.06680745 0.07440697 0.15437653 0.07657976 0.05349145 0.11052715 0.06853646 0.06814759
[785] 0.07214368 0.07398698 0.04437230 0.24078674 0.09643253 0.03611213 0.07660056 0.15751817
[793] 0.08520204 0.07563236 0.06740438 0.05332648 0.09727942 0.08787417 0.05659059 0.15793424
[801] 0.06149077 0.09338408 0.06060346 0.04868197 0.10814322 0.10934521 0.10529913 0.08506958
[809] 0.09025755 0.09763942 0.13187071 0.04821741 0.06392790 0.09551264 0.05249590 0.05475789
[817] 0.06473795 0.09844343 0.06355086 0.07788962 0.05644898 0.12839248 0.10412078 0.07747323
[825] 0.07928954 0.06599176 0.05676933 0.17573874 0.04806929 0.06586402 0.05570751 0.05543169
[833] 0.04874912 0.13503525 0.08906224 0.09510172 0.04043128 0.09428466 0.12222244 0.10412696
[841] 0.05550849 0.06774987 0.06451482 0.04827801 0.11658430 0.09940470 0.05052156 0.12205818
[849] 0.04191826 0.16936856 0.07122363 0.11329216 0.09870604 0.11022840 0.08216886 0.07764250
[857] 0.08652453 0.10145507 0.05302098 0.06205017 0.04358458 0.08924523 0.05272918 0.12754825
[865] 0.04596441 0.04285296 0.04599210 0.05247163 0.06025877 0.09824004 0.09498006 0.04903456
[873] 0.07029275 0.09107213 0.08221997 0.11273472 0.04002977 0.05541571 0.04274189 0.05422093
[881] 0.04765042 0.06025010 0.08832526 0.10496537 0.10188648 0.11346886 0.13876418 0.07670270
[889] 0.06839214 0.12594859 0.06010171 0.04260725 0.03952116 0.09882857 0.07678273 0.05644704
[897] 0.08065409 0.10720996 0.15441351 0.05430540 0.06529953 0.10727408 0.12621346 0.06464583
[905] 0.04005977 0.05921904 0.11016925 0.08912212 0.11883448 0.06953595 0.09220145 0.03878620
[913] 0.11146930 0.08661800 0.06490669 0.06381091 0.07739385 0.07954796 0.07994211 0.05352650
[921] 0.07699197 0.03489113 0.05717243 0.07054238 0.05956070 0.07620086 0.11223742 0.05127394
[929] 0.12688844 0.09049676 0.05054535 0.09923813 0.17644866 0.07208691 0.06201894 0.07875698
[937] 0.06694854 0.06037839 0.09506278 0.07565433 0.06175788 0.06513027 0.06368606 0.06957112
[945] 0.05904556 0.08048186 0.19242890 0.05216082 0.08006725 0.11440132 0.09352957 0.06986549
[953] 0.04667212 0.06758077 0.06478554 0.10428203 0.03856186 0.04551330 0.07546278 0.04190129
[961] 0.04022015 0.09853019 0.04914087 0.13562802 0.11751072 0.09196734 0.08181931 0.11404052
[969] 0.13632579 0.05340067 0.04556964 0.05628486 0.05781112 0.06433490 0.07683326 0.10506248
[977] 0.06583646 0.08283594 0.09071731 0.05145233 0.15740638 0.03976308 0.09762860 0.04036926
[985] 0.07026778 0.05968653 0.05064249 0.03962005 0.06668521 0.11304490 0.04427834 0.11856098
[993] 0.09162681 0.15239030 0.09073241 0.05479503 0.05546408 0.13519648 0.08500397

$sig
  env 
0.026 

attr(,"class")
[1] "palaeoSig"
