[1] "Best mtry = 19"

Call:
summary.resamples(object = results_maxnodes)

Models: 10, 11, 12, 13, 14, 15, 16, 17, 18, 19, 20, 21, 22, 23, 24, 25, 26, 27, 28, 29, 30 
Number of resamples: 5 

MAE 
        Min.   1st Qu.    Median      Mean   3rd Qu.      Max. NA's
10 0.1391469 0.1422148 0.1699214 0.1611872 0.1727704 0.1818827    0
11 0.1389464 0.1412297 0.1719204 0.1614264 0.1740537 0.1809819    0
12 0.1368862 0.1386802 0.1696917 0.1609698 0.1775305 0.1820602    0
13 0.1372819 0.1384275 0.1711367 0.1604722 0.1735399 0.1819749    0
14 0.1366665 0.1395496 0.1694444 0.1601136 0.1758201 0.1790873    0
15 0.1371207 0.1384841 0.1695702 0.1606123 0.1751051 0.1827814    0
16 0.1348123 0.1425783 0.1731815 0.1604436 0.1734702 0.1781758    0
17 0.1368930 0.1373994 0.1679813 0.1588030 0.1723136 0.1794277    0
18 0.1367188 0.1370616 0.1715520 0.1589735 0.1730590 0.1764761    0
19 0.1362175 0.1397274 0.1718266 0.1597715 0.1731139 0.1779722    0
20 0.1397952 0.1409803 0.1703362 0.1601565 0.1745075 0.1751632    0
21 0.1388100 0.1395789 0.1728146 0.1602215 0.1738953 0.1760086    0
22 0.1373080 0.1397253 0.1700298 0.1602508 0.1750458 0.1791452    0
23 0.1361279 0.1420047 0.1698381 0.1600027 0.1756292 0.1764135    0
24 0.1356971 0.1436954 0.1688841 0.1599547 0.1739325 0.1775646    0
25 0.1365517 0.1409897 0.1690625 0.1592323 0.1737354 0.1758222    0
26 0.1348699 0.1406411 0.1704789 0.1590594 0.1711532 0.1781537    0
27 0.1361820 0.1393643 0.1713789 0.1591194 0.1742430 0.1744288    0
28 0.1380943 0.1406888 0.1704276 0.1602462 0.1759947 0.1760257    0
29 0.1389755 0.1425482 0.1669138 0.1596362 0.1737178 0.1760257    0
30 0.1391375 0.1436234 0.1662888 0.1598105 0.1739773 0.1760257    0

RMSE 
        Min.   1st Qu.    Median      Mean   3rd Qu.      Max. NA's
10 0.1710058 0.1812846 0.2060527 0.2051234 0.2319922 0.2352820    0
11 0.1679180 0.1854264 0.2075875 0.2052833 0.2325974 0.2328875    0
12 0.1686193 0.1827929 0.2059845 0.2058870 0.2352311 0.2368073    0
13 0.1676806 0.1815888 0.2054362 0.2042379 0.2331035 0.2333804    0
14 0.1721477 0.1803728 0.2053798 0.2050975 0.2296909 0.2378962    0
15 0.1692925 0.1802407 0.2039224 0.2046232 0.2343440 0.2353163    0
16 0.1749322 0.1800043 0.2075109 0.2051320 0.2289141 0.2342983    0
17 0.1679424 0.1817802 0.2017628 0.2032362 0.2321410 0.2325544    0
18 0.1669646 0.1842236 0.2056895 0.2032399 0.2250962 0.2342254    0
19 0.1708188 0.1811319 0.2038683 0.2041833 0.2315704 0.2335269    0
20 0.1714591 0.1833753 0.2036701 0.2044500 0.2292261 0.2345196    0
21 0.1715150 0.1842469 0.2095566 0.2049674 0.2259539 0.2335645    0
22 0.1674768 0.1819705 0.2051336 0.2041338 0.2300275 0.2360604    0
23 0.1739520 0.1791443 0.2023094 0.2041287 0.2297272 0.2355107    0
24 0.1732094 0.1794229 0.2025559 0.2042996 0.2294595 0.2368501    0
25 0.1711983 0.1811342 0.2026504 0.2038580 0.2302682 0.2340388    0
26 0.1718253 0.1791519 0.2034343 0.2038813 0.2308647 0.2341307    0
27 0.1714863 0.1802490 0.2029355 0.2039193 0.2289901 0.2359357    0
28 0.1754892 0.1824432 0.2045446 0.2055631 0.2300079 0.2353306    0
29 0.1736607 0.1851110 0.1998717 0.2050541 0.2300079 0.2366194    0
30 0.1738450 0.1842534 0.1993272 0.2046131 0.2300079 0.2356321    0

Rsquared 
        Min.   1st Qu.    Median      Mean   3rd Qu.      Max. NA's
10 0.3872015 0.3975074 0.5975098 0.5858378 0.7283782 0.8185921    0
11 0.3950924 0.3971864 0.5905703 0.5809075 0.7019531 0.8197353    0
12 0.3787565 0.3825219 0.6049263 0.5791360 0.7139858 0.8154894    0
13 0.3925061 0.3969359 0.6047630 0.5863645 0.7179841 0.8196335    0
14 0.3769399 0.4057291 0.5998384 0.5826206 0.7246234 0.8059723    0
15 0.3778858 0.3898565 0.6115639 0.5826236 0.7232626 0.8105490    0
16 0.3935951 0.4107639 0.5913476 0.5835390 0.7185489 0.8034394    0
17 0.3892950 0.4028142 0.6231271 0.5875509 0.7134963 0.8090218    0
18 0.3927624 0.4294333 0.6021088 0.5897326 0.7026995 0.8216591    0
19 0.3958322 0.3965876 0.6063532 0.5866941 0.7200385 0.8146591    0
20 0.3908200 0.4085359 0.6113507 0.5844562 0.6999742 0.8116001    0
21 0.3963220 0.4276022 0.5818864 0.5810307 0.6968388 0.8025042    0
22 0.3861569 0.4025336 0.6054513 0.5862037 0.7092769 0.8275999    0
23 0.3887745 0.4097187 0.6192818 0.5875138 0.7191777 0.8006164    0
24 0.3846620 0.4056496 0.6112139 0.5879749 0.7262552 0.8120936    0
25 0.3938083 0.4027660 0.6112802 0.5867479 0.7120245 0.8138605    0
26 0.3919970 0.4036525 0.6121232 0.5877906 0.7198920 0.8112884    0
27 0.3855995 0.4124953 0.6171394 0.5874621 0.7184452 0.8036311    0
28 0.3852836 0.4094336 0.6075936 0.5817977 0.7128026 0.7938752    0
29 0.3856868 0.4094336 0.6261307 0.5832554 0.6994889 0.7955368    0
30 0.3875279 0.4094336 0.6277487 0.5863218 0.7036138 0.8032848    0

[1] "Best maxnodes = 10"
[1] "Best ntree = 250"

Call:
summary.resamples(object = results_ntree)

Models: 250, 300, 350, 400, 450, 500, 550, 600, 800, 1000, 2000 
Number of resamples: 5 

MAE 
          Min.   1st Qu.    Median      Mean   3rd Qu.      Max. NA's
250  0.1387239 0.1433057 0.1706711 0.1613583 0.1721913 0.1818997    0
300  0.1391469 0.1422148 0.1699214 0.1611872 0.1727704 0.1818827    0
350  0.1394923 0.1418997 0.1692702 0.1607026 0.1720190 0.1808318    0
400  0.1407206 0.1408290 0.1700030 0.1606870 0.1715400 0.1803427    0
450  0.1405632 0.1415819 0.1702942 0.1609562 0.1719158 0.1804258    0
500  0.1404492 0.1408747 0.1702035 0.1610445 0.1724263 0.1812690    0
550  0.1405938 0.1408124 0.1700456 0.1613705 0.1736992 0.1817014    0
600  0.1403671 0.1411576 0.1702821 0.1614557 0.1736467 0.1818251    0
800  0.1406365 0.1408502 0.1707862 0.1615033 0.1735164 0.1817275    0
1000 0.1407988 0.1408135 0.1718427 0.1616248 0.1737697 0.1808995    0
2000 0.1400256 0.1406388 0.1720980 0.1615970 0.1743680 0.1808547    0

RMSE 
          Min.   1st Qu.    Median      Mean   3rd Qu.      Max. NA's
250  0.1723108 0.1806368 0.2068326 0.2052067 0.2318999 0.2343534    0
300  0.1710058 0.1812846 0.2060527 0.2051234 0.2319922 0.2352820    0
350  0.1709386 0.1820572 0.2056176 0.2047891 0.2311728 0.2341592    0
400  0.1696864 0.1838010 0.2070568 0.2048582 0.2305078 0.2332391    0
450  0.1704216 0.1835708 0.2079937 0.2051862 0.2307851 0.2331597    0
500  0.1701644 0.1834092 0.2076381 0.2053942 0.2321661 0.2335932    0
550  0.1700554 0.1838092 0.2075883 0.2057869 0.2329934 0.2344879    0
600  0.1704512 0.1837807 0.2075835 0.2057295 0.2327542 0.2340777    0
800  0.1706805 0.1840597 0.2085158 0.2058021 0.2319307 0.2338238    0
1000 0.1711885 0.1844154 0.2096581 0.2060759 0.2311370 0.2339804    0
2000 0.1706300 0.1838752 0.2094296 0.2059109 0.2315900 0.2340295    0

Rsquared 
          Min.   1st Qu.    Median      Mean   3rd Qu.      Max. NA's
250  0.3906560 0.3978157 0.5916575 0.5848590 0.7291282 0.8150375    0
300  0.3872015 0.3975074 0.5975098 0.5858378 0.7283782 0.8185921    0
350  0.3923270 0.4016348 0.5986039 0.5874834 0.7251292 0.8197221    0
400  0.3966134 0.4047435 0.5919261 0.5868691 0.7188912 0.8221711    0
450  0.3971736 0.4034191 0.5876966 0.5852184 0.7174852 0.8203175    0
500  0.3951432 0.3966372 0.5902764 0.5836743 0.7172859 0.8190288    0
550  0.3902951 0.3931378 0.5896329 0.5815629 0.7160318 0.8187169    0
600  0.3916405 0.3942542 0.5896513 0.5816839 0.7150819 0.8177914    0
800  0.3926462 0.3975964 0.5846419 0.5810355 0.7141021 0.8161909    0
1000 0.3921036 0.4016728 0.5786100 0.5795285 0.7119507 0.8133053    0
2000 0.3917315 0.4001699 0.5810830 0.5806360 0.7139790 0.8162168    0

[1] "R2 = 0.82"
[1] "RMSEP = 0.82"
