[1] "Best mtry = 4"

Call:
summary.resamples(object = results_maxnodes)

Models: 10, 11, 12, 13, 14, 15, 16, 17, 18, 19, 20, 21, 22, 23, 24, 25, 26, 27, 28, 29, 30 
Number of resamples: 5 

MAE 
       Min.  1st Qu.   Median     Mean  3rd Qu.     Max. NA's
10 47.03901 54.81372 58.62218 56.79138 60.29721 63.18480    0
11 43.90516 51.37457 56.78295 54.75641 59.86671 61.85267    0
12 44.51787 49.15460 55.83055 53.33588 57.75940 59.41699    0
13 42.44306 48.85350 55.56376 52.60256 57.90222 58.25024    0
14 41.83852 50.47188 55.04869 52.16775 55.40855 58.07110    0
15 41.11337 47.85510 53.48051 51.08219 55.09312 57.86884    0
16 40.13483 48.58250 52.64483 50.59090 55.41914 56.17320    0
17 41.28603 47.50465 52.35904 50.09207 54.08954 55.22108    0
18 37.96132 45.31744 51.63705 48.52761 52.57989 55.14237    0
19 39.26241 46.61809 50.47220 48.72593 53.55939 53.71756    0
20 39.94003 47.06601 50.54578 48.93922 52.96598 54.17832    0
21 37.98373 47.02810 49.31354 48.35033 53.23894 54.18733    0
22 39.98692 45.69876 49.63675 48.24102 51.84347 54.03919    0
23 39.68999 46.28909 49.66464 48.63766 53.56089 53.98372    0
24 38.25024 44.65368 49.92192 48.18640 53.03280 55.07336    0
25 38.29255 44.89239 50.89401 48.14863 52.37458 54.28962    0
26 39.10785 46.17876 50.09097 48.55168 52.62722 54.75362    0
27 39.58134 45.55272 50.13289 48.18525 51.73641 53.92286    0
28 39.58134 46.43135 49.21826 48.59856 52.20139 55.56046    0
29 39.58134 46.15917 49.21826 47.94936 52.20139 52.58663    0
30 39.58134 46.47708 49.21826 48.01294 52.20139 52.58663    0

RMSE 
       Min.  1st Qu.   Median     Mean  3rd Qu.     Max. NA's
10 56.54611 67.60047 72.21722 72.07298 77.73720 86.26389    0
11 53.71365 63.83967 70.53272 69.90183 76.64404 84.77906    0
12 54.34957 62.16261 69.94007 68.27072 75.80966 79.09172    0
13 53.08861 60.93436 68.64857 67.81036 75.24630 81.13397    0
14 50.93854 63.38528 69.51747 67.25677 71.79729 80.64526    0
15 50.82339 59.71346 67.15749 66.19847 72.65807 80.63996    0
16 50.27699 60.50456 65.89722 65.50397 72.33816 78.50293    0
17 50.99719 59.07658 65.80380 65.03221 71.77514 77.50834    0
18 48.78709 56.71675 65.26887 63.71543 72.41944 75.38500    0
19 49.39965 58.57204 63.47870 63.76935 71.07248 76.32388    0
20 50.41863 59.91996 64.86199 64.39672 70.47706 76.30596    0
21 47.78254 59.70187 62.36116 63.48426 70.58722 76.98852    0
22 50.20389 57.32693 62.61650 63.19571 70.04682 75.78439    0
23 49.33179 58.48906 63.43339 63.83249 71.29486 76.61337    0
24 48.72387 55.98274 63.81148 63.58262 70.90980 78.48523    0
25 49.69711 57.90774 64.91296 63.88507 70.05421 76.85330    0
26 49.08633 58.77681 63.84091 64.00629 71.10656 77.22086    0
27 50.74152 58.10924 62.79581 63.31838 68.20797 76.73738    0
28 50.74152 58.67779 62.30413 64.06797 70.05111 78.56532    0
29 50.74152 58.78081 62.30413 63.43970 70.05111 75.32093    0
30 50.74152 58.34351 62.30413 63.35224 70.05111 75.32093    0

Rsquared 
        Min.   1st Qu.    Median      Mean   3rd Qu.      Max. NA's
10 0.6426892 0.6917190 0.7721519 0.7408735 0.7903536 0.8074536    0
11 0.6699715 0.7123750 0.7702755 0.7526286 0.7973878 0.8131332    0
12 0.6943907 0.7643645 0.7681147 0.7637188 0.7911880 0.8005359    0
13 0.7227223 0.7471878 0.7790757 0.7749822 0.7863599 0.8395655    0
14 0.6734214 0.7535623 0.7986788 0.7706202 0.8019412 0.8254970    0
15 0.7060221 0.7366723 0.7719314 0.7693184 0.8154160 0.8165501    0
16 0.7166502 0.7462488 0.7880913 0.7817184 0.8180106 0.8395913    0
17 0.7254271 0.7598255 0.7854161 0.7821473 0.8140565 0.8260113    0
18 0.7525461 0.7747950 0.7791436 0.7926736 0.8272492 0.8296339    0
19 0.7212250 0.7723897 0.7727191 0.7870711 0.8176374 0.8513841    0
20 0.6981580 0.7737164 0.7825551 0.7761116 0.8007521 0.8253765    0
21 0.7100820 0.7649982 0.7890509 0.7916090 0.8368278 0.8570858    0
22 0.7496703 0.7803691 0.7809296 0.7963941 0.8078931 0.8631082    0
23 0.7231966 0.7640634 0.7862396 0.7888366 0.8254328 0.8452509    0
24 0.7359347 0.7602751 0.7725772 0.7865628 0.8219474 0.8420795    0
25 0.7216101 0.7738802 0.7803402 0.7797943 0.8012435 0.8218977    0
26 0.7173339 0.7507013 0.7831625 0.7835724 0.8190305 0.8476338    0
27 0.7341776 0.7589604 0.7942442 0.7933445 0.8114806 0.8678595    0
28 0.7167188 0.7492881 0.7926364 0.7803575 0.7942442 0.8489001    0
29 0.7164679 0.7783464 0.7926364 0.7861190 0.7942442 0.8489001    0
30 0.7253536 0.7783464 0.7926364 0.7878961 0.7942442 0.8489001    0

[1] "Best maxnodes = 10"
[1] "Best ntree = 500"

Call:
summary.resamples(object = results_ntree)

Models: 250, 300, 350, 400, 450, 500, 550, 600, 800, 1000, 2000 
Number of resamples: 5 

MAE 
         Min.  1st Qu.   Median     Mean  3rd Qu.     Max. NA's
250  46.77396 54.74114 58.53741 56.73494 60.15728 63.46492    0
300  47.03901 54.81372 58.62218 56.79138 60.29721 63.18480    0
350  46.73666 54.32749 58.63366 56.66160 60.45776 63.15244    0
400  46.43752 53.69275 58.81789 56.50396 60.44302 63.12860    0
450  46.67970 53.55700 58.83339 56.44608 60.21360 62.94670    0
500  47.06385 53.65091 58.86786 56.55835 60.45672 62.75240    0
550  46.91027 53.32655 58.71514 56.36427 60.45775 62.41163    0
600  46.77119 52.97975 58.61169 56.15712 60.11473 62.30827    0
800  46.63983 52.67274 58.50139 55.90426 59.93543 61.77189    0
1000 46.77711 52.62453 58.87158 56.08908 60.29742 61.87475    0
2000 46.55572 52.38555 58.65377 56.01386 60.98157 61.49269    0

RMSE 
         Min.  1st Qu.   Median     Mean  3rd Qu.     Max. NA's
250  56.45243 67.37288 71.89503 71.98866 77.52170 86.70124    0
300  56.54611 67.60047 72.21722 72.07298 77.73720 86.26389    0
350  56.39823 67.09338 72.32270 71.91740 77.77343 85.99925    0
400  55.99739 66.41494 72.37690 71.74234 77.66506 86.25741    0
450  56.23770 66.07060 72.54652 71.63948 77.29541 86.04718    0
500  56.63820 66.18120 72.61107 71.74366 77.65457 85.63326    0
550  56.55868 65.88279 72.64916 71.60710 77.55715 85.38773    0
600  56.55626 65.46182 72.47971 71.38604 77.34753 85.08490    0
800  56.27413 65.13347 72.27161 71.07549 77.05411 84.64415    0
1000 56.33268 65.21572 72.87938 71.29053 77.23368 84.79117    0
2000 56.04164 64.85873 72.39296 71.03158 77.82627 84.03832    0

Rsquared 
          Min.   1st Qu.    Median      Mean   3rd Qu.      Max. NA's
250  0.6472386 0.6873578 0.7776452 0.7435390 0.7832385 0.8222150    0
300  0.6426892 0.6917190 0.7721519 0.7408735 0.7903536 0.8074536    0
350  0.6497069 0.6979008 0.7735371 0.7421008 0.7873771 0.8019823    0
400  0.6547578 0.6923458 0.7737176 0.7436020 0.7928818 0.8043073    0
450  0.6600394 0.6989869 0.7789198 0.7452943 0.7905675 0.7979577    0
500  0.6602534 0.7047944 0.7754992 0.7459549 0.7875941 0.8016336    0
550  0.6612292 0.7099096 0.7734774 0.7467966 0.7868948 0.8024721    0
600  0.6680110 0.7134303 0.7740882 0.7492297 0.7816986 0.8089204    0
800  0.6680368 0.7136714 0.7786333 0.7522048 0.7880053 0.8126773    0
1000 0.6686915 0.7145075 0.7746596 0.7514155 0.7908340 0.8083849    0
2000 0.6739058 0.7256865 0.7688265 0.7535290 0.7922376 0.8069885    0

[1] "R2 = 85.63"
[1] "RMSEP = 85.63"
