[1] "Best mtry = 16"

Call:
summary.resamples(object = results_maxnodes)

Models: 10, 11, 12, 13, 14, 15, 16, 17, 18, 19, 20, 21, 22, 23, 24, 25, 26, 27, 28, 29, 30 
Number of resamples: 5 

MAE 
        Min.   1st Qu.    Median      Mean   3rd Qu.      Max. NA's
10 0.5851175 0.8184677 0.9492850 0.8616210 0.9701040 0.9851309    0
11 0.5982197 0.7911225 0.9274129 0.8408315 0.9302376 0.9571648    0
12 0.5952506 0.7982301 0.9082467 0.8375317 0.9401888 0.9457423    0
13 0.6003899 0.8014243 0.9331346 0.8469812 0.9358757 0.9640818    0
14 0.5778721 0.7749382 0.9103566 0.8255173 0.9218104 0.9426093    0
15 0.5797532 0.7658785 0.8830478 0.8189698 0.9285371 0.9376324    0
16 0.5923373 0.7582818 0.8655418 0.8085376 0.8883743 0.9381529    0
17 0.5662496 0.7921585 0.8886576 0.8178610 0.9103752 0.9318643    0
18 0.5830258 0.7888681 0.8873747 0.8240241 0.9235297 0.9373221    0
19 0.5985612 0.7645824 0.8518678 0.8093158 0.9029959 0.9285715    0
20 0.5670224 0.7904678 0.8859410 0.8176733 0.9155805 0.9293550    0
21 0.5620695 0.7368598 0.8878552 0.8076466 0.9079137 0.9435350    0
22 0.6105301 0.7850530 0.8738231 0.8215946 0.9004954 0.9380713    0
23 0.5972348 0.7742414 0.8676814 0.8053741 0.8852357 0.9024775    0
24 0.5729403 0.7911567 0.8956729 0.8189878 0.9015576 0.9336117    0
25 0.5779883 0.7837030 0.8923621 0.8196376 0.8986767 0.9454581    0
26 0.5684473 0.7658388 0.8796861 0.8144206 0.9206649 0.9374661    0
27 0.5517708 0.7946348 0.8343681 0.8017877 0.9007145 0.9274504    0
28 0.5614408 0.8107888 0.8560577 0.8132717 0.8933298 0.9447412    0
29 0.5691772 0.7871461 0.8480769 0.8043585 0.9031095 0.9142829    0
30 0.5531911 0.7632543 0.8782380 0.8057290 0.9128208 0.9211408    0

RMSE 
        Min.  1st Qu.   Median     Mean  3rd Qu.     Max. NA's
10 0.8167465 1.164389 1.220178 1.188933 1.345074 1.398276    0
11 0.8315589 1.095645 1.185394 1.156704 1.307573 1.363351    0
12 0.8173819 1.112391 1.147044 1.152008 1.284752 1.398470    0
13 0.8192048 1.121527 1.178417 1.160256 1.296513 1.385619    0
14 0.8026294 1.104521 1.150147 1.140857 1.305086 1.341903    0
15 0.8079021 1.086478 1.097525 1.131591 1.292894 1.373156    0
16 0.8003279 1.083555 1.097564 1.116114 1.295568 1.303555    0
17 0.7770941 1.119214 1.142825 1.125142 1.277489 1.309087    0
18 0.7834964 1.107888 1.146819 1.138652 1.302231 1.352823    0
19 0.7931365 1.073427 1.105284 1.118936 1.279978 1.342855    0
20 0.7701286 1.114196 1.145613 1.135461 1.289087 1.358283    0
21 0.7738077 1.064703 1.122343 1.120380 1.298749 1.342299    0
22 0.8011136 1.102247 1.130161 1.130450 1.298215 1.320512    0
23 0.7933069 1.090918 1.138928 1.128863 1.263657 1.357506    0
24 0.7641529 1.123623 1.125984 1.126279 1.245085 1.372551    0
25 0.7792866 1.108132 1.123533 1.130586 1.311963 1.330015    0
26 0.7773841 1.094553 1.113320 1.123799 1.274761 1.358976    0
27 0.7427114 1.051013 1.149116 1.119695 1.300707 1.354929    0
28 0.7550050 1.072199 1.162618 1.125920 1.296167 1.343610    0
29 0.7811167 1.057468 1.143545 1.119871 1.263974 1.353253    0
30 0.7462483 1.093196 1.112394 1.117234 1.278630 1.355704    0

Rsquared 
        Min.   1st Qu.    Median      Mean   3rd Qu.      Max. NA's
10 0.7389956 0.7607922 0.8159007 0.8205772 0.8702128 0.9169846    0
11 0.7715908 0.7801045 0.8207972 0.8322634 0.8643095 0.9245149    0
12 0.7619175 0.7893461 0.8042086 0.8305672 0.8694342 0.9279297    0
13 0.7590125 0.7817032 0.8205527 0.8290121 0.8652113 0.9185810    0
14 0.7651293 0.7789880 0.8289917 0.8337653 0.8714387 0.9242786    0
15 0.7740661 0.7781110 0.8186644 0.8357831 0.8715171 0.9365570    0
16 0.7664558 0.7788410 0.8366057 0.8378987 0.8727064 0.9348846    0
17 0.7567534 0.7885210 0.8363027 0.8375953 0.8810570 0.9253422    0
18 0.7449866 0.7723443 0.8240869 0.8305671 0.8796364 0.9317811    0
19 0.7636558 0.7859720 0.8278082 0.8379764 0.8750237 0.9374223    0
20 0.7451735 0.7802378 0.8258220 0.8334833 0.8856521 0.9305312    0
21 0.7767761 0.7813637 0.8236825 0.8391060 0.8833168 0.9303912    0
22 0.7532929 0.7747662 0.8338347 0.8341274 0.8736925 0.9350505    0
23 0.7476453 0.7940952 0.8217560 0.8344423 0.8764293 0.9322859    0
24 0.7540292 0.7993276 0.8167490 0.8373140 0.8856560 0.9308080    0
25 0.7622108 0.7692789 0.8265845 0.8339437 0.8824158 0.9292286    0
26 0.7681856 0.7851340 0.8278485 0.8387988 0.8816556 0.9311705    0
27 0.7433480 0.7730302 0.8224263 0.8334107 0.8923378 0.9359114    0
28 0.7391943 0.7822657 0.8245160 0.8345020 0.8898417 0.9366924    0
29 0.7459365 0.7899497 0.8216035 0.8355568 0.8802924 0.9400018    0
30 0.7592643 0.7854215 0.8196898 0.8381572 0.8906315 0.9357787    0

[1] "Best maxnodes = 10"
[1] "Best ntree = 600"

Call:
summary.resamples(object = results_ntree)

Models: 250, 300, 350, 400, 450, 500, 550, 600, 800, 1000, 2000 
Number of resamples: 5 

MAE 
          Min.   1st Qu.    Median      Mean   3rd Qu.      Max. NA's
250  0.5774537 0.8159681 0.9434323 0.8549930 0.9582559 0.9798550    0
300  0.5851175 0.8184677 0.9492850 0.8616210 0.9701040 0.9851309    0
350  0.5834988 0.8119276 0.9479439 0.8584918 0.9679058 0.9811831    0
400  0.5922629 0.8116311 0.9462863 0.8605889 0.9717321 0.9810322    0
450  0.5905669 0.8175550 0.9420255 0.8585539 0.9688526 0.9737696    0
500  0.5910401 0.8180598 0.9422649 0.8592212 0.9700344 0.9747065    0
550  0.5916912 0.8204486 0.9410766 0.8597733 0.9669852 0.9786649    0
600  0.5918246 0.8196030 0.9342236 0.8585696 0.9636696 0.9835271    0
800  0.5925959 0.8129173 0.9376102 0.8588890 0.9653366 0.9859853    0
1000 0.5922495 0.8187071 0.9391693 0.8609376 0.9683218 0.9862404    0
2000 0.6014158 0.8206117 0.9374414 0.8617007 0.9622019 0.9868326    0

RMSE 
          Min.  1st Qu.   Median     Mean  3rd Qu.     Max. NA's
250  0.8113751 1.160987 1.210918 1.182183 1.336410 1.391223    0
300  0.8167465 1.164389 1.220178 1.188933 1.345074 1.398276    0
350  0.8123207 1.155843 1.218956 1.182981 1.336381 1.391402    0
400  0.8172815 1.154268 1.217086 1.184671 1.339376 1.395344    0
450  0.8155369 1.159775 1.213857 1.182520 1.329262 1.394166    0
500  0.8165171 1.161698 1.212308 1.183315 1.331788 1.394265    0
550  0.8165779 1.163658 1.212552 1.184697 1.336028 1.394667    0
600  0.8152425 1.166111 1.203773 1.183907 1.341766 1.392643    0
800  0.8136810 1.154841 1.210869 1.183549 1.342276 1.396079    0
1000 0.8151225 1.158824 1.209987 1.186456 1.345082 1.403263    0
2000 0.8256104 1.158332 1.199932 1.183592 1.338777 1.395308    0

Rsquared 
          Min.   1st Qu.    Median      Mean   3rd Qu.      Max. NA's
250  0.7406914 0.7647276 0.8187735 0.8229890 0.8721091 0.9186434    0
300  0.7389956 0.7607922 0.8159007 0.8205772 0.8702128 0.9169846    0
350  0.7431171 0.7652510 0.8180578 0.8228749 0.8718051 0.9161434    0
400  0.7434461 0.7636463 0.8167154 0.8221767 0.8703278 0.9167477    0
450  0.7411560 0.7678092 0.8173265 0.8227836 0.8706373 0.9169888    0
500  0.7399542 0.7667192 0.8161318 0.8219941 0.8699137 0.9172514    0
550  0.7391735 0.7650706 0.8152822 0.8213404 0.8698151 0.9173607    0
600  0.7379422 0.7630233 0.8156003 0.8212779 0.8705986 0.9192252    0
800  0.7429157 0.7638867 0.8144900 0.8221392 0.8719110 0.9174928    0
1000 0.7412177 0.7626841 0.8124461 0.8210686 0.8713821 0.9176130    0
2000 0.7417757 0.7669378 0.8151376 0.8219352 0.8666184 0.9192065    0

[1] "R2 = 1.39"
[1] "RMSEP = 1.39"
