[1] "Best mtry = 12"

Call:
summary.resamples(object = results_maxnodes)

Models: 10, 11, 12, 13, 14, 15, 16, 17, 18, 19, 20, 21, 22, 23, 24, 25, 26, 27, 28, 29, 30 
Number of resamples: 5 

MAE 
       Min.  1st Qu.   Median     Mean  3rd Qu.     Max. NA's
10 2.058281 2.088047 2.114615 2.145698 2.144265 2.323281    0
11 1.991292 2.035492 2.041338 2.084477 2.061509 2.292752    0
12 1.907168 1.967274 1.975871 2.035361 2.026655 2.299836    0
13 1.883688 1.905654 1.979216 2.001563 1.987627 2.251630    0
14 1.866437 1.927008 1.953649 1.993308 2.011496 2.207950    0
15 1.876885 1.884442 1.925747 1.971862 1.977266 2.194972    0
16 1.815505 1.903496 1.924395 1.942880 1.942957 2.128049    0
17 1.771732 1.851519 1.885209 1.918930 1.906830 2.179360    0
18 1.766170 1.833378 1.894551 1.912837 1.927709 2.142375    0
19 1.796731 1.887297 1.890510 1.936872 1.897342 2.212482    0
20 1.810643 1.831855 1.928615 1.924640 1.942318 2.109767    0
21 1.770703 1.869408 1.922048 1.938416 1.983711 2.146209    0
22 1.809782 1.833757 1.883181 1.908980 1.910139 2.108041    0
23 1.837646 1.850080 1.868597 1.919835 1.958595 2.084257    0
24 1.760618 1.848714 1.870904 1.902599 1.871477 2.161285    0
25 1.846277 1.854001 1.874764 1.906570 1.885501 2.072307    0
26 1.788816 1.838925 1.841658 1.894209 1.864984 2.136660    0
27 1.798922 1.855440 1.860704 1.895390 1.873665 2.088221    0
28 1.784685 1.833047 1.853819 1.891561 1.899280 2.086972    0
29 1.773233 1.853819 1.858181 1.893809 1.901116 2.082693    0
30 1.773233 1.839291 1.853819 1.890031 1.901116 2.082693    0

RMSE 
       Min.  1st Qu.   Median     Mean  3rd Qu.     Max. NA's
10 2.425193 2.626177 2.720322 2.661374 2.724031 2.811149    0
11 2.436631 2.505831 2.646575 2.601527 2.647007 2.771592    0
12 2.339063 2.449132 2.596690 2.579024 2.698202 2.812033    0
13 2.311300 2.482461 2.559631 2.537018 2.609718 2.721982    0
14 2.288000 2.522365 2.549391 2.535860 2.594340 2.725202    0
15 2.296710 2.479158 2.548902 2.523805 2.590746 2.703508    0
16 2.256583 2.428443 2.582563 2.498174 2.584495 2.638784    0
17 2.218672 2.382826 2.534619 2.472665 2.535430 2.691780    0
18 2.177265 2.432366 2.487639 2.464181 2.558580 2.665055    0
19 2.220564 2.414102 2.554518 2.506652 2.586146 2.757929    0
20 2.259789 2.473300 2.533403 2.494709 2.562514 2.644537    0
21 2.192038 2.500738 2.504946 2.487943 2.569161 2.672830    0
22 2.257184 2.434121 2.527129 2.474467 2.545086 2.608815    0
23 2.286478 2.441281 2.482400 2.469369 2.522731 2.613954    0
24 2.195218 2.355445 2.494620 2.450819 2.558208 2.650603    0
25 2.317878 2.435874 2.512853 2.476361 2.536517 2.578684    0
26 2.259299 2.333012 2.497064 2.455251 2.538432 2.648448    0
27 2.288765 2.308819 2.466115 2.443876 2.558188 2.597496    0
28 2.277137 2.386781 2.488292 2.459994 2.558433 2.589326    0
29 2.262781 2.396109 2.488292 2.454928 2.542117 2.585341    0
30 2.262781 2.396109 2.488292 2.455414 2.544549 2.585341    0

Rsquared 
        Min.   1st Qu.    Median      Mean   3rd Qu.      Max. NA's
10 0.7217506 0.7385299 0.7792258 0.7742866 0.8005222 0.8314044    0
11 0.7187884 0.7240759 0.7956276 0.7799260 0.8096519 0.8514863    0
12 0.7061389 0.7375452 0.7718185 0.7778230 0.8155488 0.8580636    0
13 0.7333063 0.7434998 0.8007124 0.7885187 0.8144661 0.8506090    0
14 0.7173808 0.7450108 0.7888236 0.7847081 0.8330397 0.8392858    0
15 0.7257348 0.7466879 0.7878585 0.7877671 0.8283124 0.8502418    0
16 0.7392491 0.7480909 0.7951855 0.7889972 0.8048036 0.8576569    0
17 0.7291649 0.7620072 0.7926505 0.7937472 0.8242263 0.8606869    0
18 0.7327700 0.7726855 0.7854802 0.7949662 0.8294110 0.8544844    0
19 0.7018675 0.7578352 0.7871131 0.7850785 0.8112715 0.8673051    0
20 0.7292134 0.7501137 0.7950954 0.7848259 0.8128727 0.8368343    0
21 0.7274420 0.7642100 0.7918033 0.7891533 0.8284502 0.8338612    0
22 0.7497781 0.7549153 0.7895419 0.7920350 0.8149768 0.8509629    0
23 0.7418821 0.7444474 0.8022288 0.7966402 0.8342660 0.8603768    0
24 0.7458280 0.7649507 0.7944132 0.7981276 0.8178900 0.8675560    0
25 0.7349004 0.7543152 0.7986663 0.7892155 0.8171503 0.8410455    0
26 0.7419248 0.7449123 0.7982848 0.7977735 0.8298075 0.8739380    0
27 0.7356778 0.7531565 0.7961339 0.7995237 0.8358402 0.8768103    0
28 0.7384700 0.7567431 0.7888748 0.7952584 0.8262135 0.8659905    0
29 0.7422757 0.7573818 0.7951903 0.7972722 0.8262135 0.8652998    0
30 0.7422757 0.7573818 0.7891837 0.7960709 0.8262135 0.8652998    0

[1] "Best maxnodes = 10"
[1] "Best ntree = 250"

Call:
summary.resamples(object = results_ntree)

Models: 250, 300, 350, 400, 450, 500, 550, 600, 800, 1000, 2000 
Number of resamples: 5 

MAE 
         Min.  1st Qu.   Median     Mean  3rd Qu.     Max. NA's
250  2.049084 2.088535 2.106535 2.146758 2.151584 2.338052    0
300  2.058281 2.088047 2.114615 2.145698 2.144265 2.323281    0
350  2.046161 2.098371 2.109019 2.144026 2.140630 2.325947    0
400  2.046729 2.089720 2.115806 2.140865 2.132034 2.320034    0
450  2.049588 2.093424 2.103494 2.141438 2.141234 2.319449    0
500  2.043371 2.093545 2.098696 2.139065 2.133273 2.326442    0
550  2.032485 2.095335 2.097460 2.137111 2.133696 2.326577    0
600  2.031884 2.097378 2.098573 2.133003 2.120902 2.316276    0
800  2.029345 2.087882 2.108585 2.132577 2.110791 2.326280    0
1000 2.019027 2.080272 2.103177 2.130607 2.112233 2.338326    0
2000 2.025503 2.083110 2.108977 2.135419 2.126082 2.333421    0

RMSE 
         Min.  1st Qu.   Median     Mean  3rd Qu.     Max. NA's
250  2.424882 2.639055 2.727673 2.668968 2.732844 2.820384    0
300  2.425193 2.626177 2.720322 2.661374 2.724031 2.811149    0
350  2.425733 2.617582 2.709936 2.659493 2.731908 2.812306    0
400  2.430241 2.608996 2.715846 2.658275 2.724351 2.811942    0
450  2.433145 2.617644 2.709948 2.659874 2.727371 2.811260    0
500  2.425204 2.604790 2.705588 2.658006 2.734698 2.819751    0
550  2.417655 2.612103 2.703419 2.657722 2.733534 2.821899    0
600  2.414364 2.597651 2.704262 2.651397 2.732420 2.808289    0
800  2.409227 2.591153 2.706784 2.646318 2.713271 2.811154    0
1000 2.399350 2.588813 2.702569 2.641819 2.710479 2.807887    0
2000 2.413231 2.609302 2.713883 2.651362 2.722751 2.797641    0

Rsquared 
          Min.   1st Qu.    Median      Mean   3rd Qu.      Max. NA's
250  0.7167630 0.7373008 0.7770840 0.7709904 0.7979067 0.8258977    0
300  0.7217506 0.7385299 0.7792258 0.7742866 0.8005222 0.8314044    0
350  0.7197337 0.7358936 0.7767401 0.7743968 0.8067594 0.8328574    0
400  0.7178868 0.7312006 0.7770820 0.7733739 0.8063435 0.8343566    0
450  0.7189258 0.7290365 0.7745702 0.7737433 0.8085492 0.8376348    0
500  0.7171297 0.7304408 0.7721067 0.7738744 0.8092367 0.8404582    0
550  0.7151725 0.7326113 0.7722566 0.7736654 0.8100872 0.8381995    0
600  0.7191022 0.7334909 0.7725070 0.7747452 0.8095974 0.8390283    0
800  0.7200946 0.7345050 0.7834592 0.7770450 0.8057447 0.8414213    0
1000 0.7245070 0.7358010 0.7856108 0.7787837 0.8065020 0.8414979    0
2000 0.7282982 0.7331440 0.7822434 0.7775635 0.8057048 0.8384272    0

[1] "R2 = 2.82"
[1] "RMSEP = 2.82"
