[1] "Best mtry = 17"

Call:
summary.resamples(object = results_maxnodes)

Models: 10, 11, 12, 13, 14, 15, 16, 17, 18, 19, 20, 21, 22, 23, 24, 25, 26, 27, 28, 29, 30 
Number of resamples: 5 

MAE 
        Min.   1st Qu.    Median      Mean  3rd Qu.     Max. NA's
10 0.7286864 0.8335701 0.9164283 0.9336741 1.074452 1.115234    0
11 0.7368882 0.8193508 0.9099458 0.9211297 1.043068 1.096396    0
12 0.7103331 0.8059286 0.8813271 0.9112757 1.057640 1.101150    0
13 0.7388913 0.8113104 0.9193224 0.9158685 1.026420 1.083398    0
14 0.6916064 0.8067095 0.8839293 0.9003245 1.019218 1.100160    0
15 0.6726932 0.8253190 0.8616704 0.8961365 1.021493 1.099507    0
16 0.6965308 0.7861591 0.8662882 0.8895137 1.033587 1.065003    0
17 0.6728949 0.8154654 0.8870794 0.9005956 1.036661 1.090877    0
18 0.6577869 0.8236616 0.8931917 0.8966732 1.030234 1.078492    0
19 0.6796434 0.8150319 0.8572622 0.8981419 1.049122 1.089650    0
20 0.6737442 0.8357758 0.8607907 0.8991238 1.020033 1.105275    0
21 0.6781544 0.8041759 0.8751893 0.8936835 1.017133 1.093765    0
22 0.6988967 0.8229523 0.8615177 0.8995285 1.026763 1.087512    0
23 0.6562786 0.8062338 0.8571673 0.8936238 1.047209 1.101230    0
24 0.6628681 0.8137699 0.8738982 0.9008208 1.061263 1.092304    0
25 0.6636883 0.8102303 0.8710798 0.8932400 1.032743 1.088458    0
26 0.6630535 0.8254404 0.8785810 0.8938880 1.026189 1.076176    0
27 0.6630535 0.7951293 0.8874423 0.8880676 1.026189 1.068523    0
28 0.6630535 0.8114641 0.8874423 0.8913345 1.026189 1.068523    0
29 0.6630535 0.7938462 0.8874423 0.8878110 1.026189 1.068523    0
30 0.6630535 0.7938462 0.8874423 0.8878110 1.026189 1.068523    0

RMSE 
        Min.  1st Qu.   Median     Mean  3rd Qu.     Max. NA's
10 0.9643823 1.116725 1.225176 1.313898 1.591006 1.672201    0
11 0.9611224 1.117012 1.215067 1.299164 1.572622 1.629998    0
12 0.9355014 1.081385 1.199966 1.294286 1.594835 1.659744    0
13 0.9562250 1.133312 1.190109 1.294726 1.561009 1.632975    0
14 0.8958766 1.091140 1.176547 1.275569 1.544072 1.670208    0
15 0.8951077 1.046730 1.225876 1.274340 1.555237 1.648747    0
16 0.9165843 1.056465 1.137405 1.259854 1.572965 1.615851    0
17 0.8904349 1.096169 1.186783 1.286249 1.598341 1.659517    0
18 0.8781205 1.099394 1.196489 1.276668 1.584832 1.624502    0
19 0.9060594 1.067316 1.154005 1.275943 1.583858 1.668474    0
20 0.8957073 1.074948 1.242470 1.281865 1.580195 1.616005    0
21 0.9262840 1.085959 1.152091 1.280917 1.586951 1.653301    0
22 0.9352513 1.066278 1.199464 1.286594 1.592101 1.639873    0
23 0.8921208 1.050369 1.173105 1.277138 1.571746 1.698350    0
24 0.8598599 1.083238 1.169155 1.276811 1.599879 1.671924    0
25 0.8913039 1.078933 1.179756 1.273644 1.575816 1.642409    0
26 0.8770311 1.090477 1.192403 1.269025 1.554924 1.630293    0
27 0.8770311 1.098567 1.139858 1.258241 1.554924 1.620825    0
28 0.8770311 1.098567 1.156478 1.261565 1.554924 1.620825    0
29 0.8770311 1.098567 1.151727 1.260615 1.554924 1.620825    0
30 0.8770311 1.098567 1.151727 1.260615 1.554924 1.620825    0

Rsquared 
        Min.   1st Qu.    Median      Mean   3rd Qu.      Max. NA's
10 0.6008974 0.6841457 0.7703139 0.7591999 0.8615484 0.8790939    0
11 0.6220507 0.6870672 0.7773065 0.7657593 0.8599121 0.8824601    0
12 0.6068667 0.6760676 0.7808872 0.7636292 0.8692166 0.8851081    0
13 0.6200628 0.6943124 0.7844489 0.7663415 0.8547621 0.8781215    0
14 0.5999972 0.7013302 0.7891791 0.7704807 0.8665498 0.8953472    0
15 0.6116615 0.6962348 0.7706623 0.7702599 0.8770431 0.8956976    0
16 0.6282794 0.6892772 0.8056308 0.7777005 0.8756656 0.8896492    0
17 0.6058600 0.6749227 0.7852584 0.7660765 0.8663931 0.8979482    0
18 0.6238314 0.6807138 0.7812924 0.7701812 0.8654491 0.8996191    0
19 0.5995386 0.6830031 0.7991484 0.7698610 0.8734610 0.8941537    0
20 0.6288767 0.6820702 0.7631166 0.7667800 0.8674887 0.8923476    0
21 0.6101704 0.6772262 0.7999443 0.7678787 0.8674236 0.8846289    0
22 0.6154861 0.6761320 0.7796571 0.7650091 0.8716953 0.8820752    0
23 0.5845592 0.6896582 0.7902765 0.7672702 0.8771412 0.8947160    0
24 0.5997703 0.6787630 0.7914929 0.7687557 0.8687259 0.9050266    0
25 0.6131328 0.6848879 0.7857714 0.7697867 0.8678846 0.8972568    0
26 0.6195525 0.6963938 0.7822424 0.7724456 0.8655669 0.8984726    0
27 0.6233145 0.6963938 0.8016214 0.7767164 0.8637797 0.8984726    0
28 0.6233145 0.6963938 0.7964266 0.7756774 0.8637797 0.8984726    0
29 0.6233145 0.6963938 0.7978653 0.7759652 0.8637797 0.8984726    0
30 0.6233145 0.6963938 0.7978653 0.7759652 0.8637797 0.8984726    0

[1] "Best maxnodes = 23"
[1] "Best ntree = 250"

Call:
summary.resamples(object = results_ntree)

Models: 250, 300, 350, 400, 450, 500, 550, 600, 800, 1000, 2000 
Number of resamples: 5 

MAE 
          Min.   1st Qu.    Median      Mean  3rd Qu.     Max. NA's
250  0.6622760 0.8072892 0.8572701 0.8956873 1.046883 1.104719    0
300  0.6562786 0.8062338 0.8571673 0.8936238 1.047209 1.101230    0
350  0.6465904 0.8097486 0.8660139 0.8922558 1.040879 1.098047    0
400  0.6542127 0.8120117 0.8650001 0.8937453 1.042948 1.094554    0
450  0.6602541 0.8139557 0.8693397 0.8943052 1.035535 1.092441    0
500  0.6585494 0.8085274 0.8717535 0.8922264 1.031506 1.090796    0
550  0.6586428 0.8082094 0.8657066 0.8886527 1.029880 1.080825    0
600  0.6598050 0.8113799 0.8659714 0.8884564 1.028273 1.076852    0
800  0.6625840 0.8134411 0.8695465 0.8887031 1.021440 1.076504    0
1000 0.6661491 0.8150636 0.8701277 0.8877030 1.014488 1.072687    0
2000 0.6689025 0.8135834 0.8689282 0.8894827 1.022098 1.073901    0

RMSE 
          Min.  1st Qu.   Median     Mean  3rd Qu.     Max. NA's
250  0.8906559 1.052394 1.165345 1.274485 1.557440 1.706590    0
300  0.8921208 1.050369 1.173105 1.277138 1.571746 1.698350    0
350  0.8744032 1.065433 1.177767 1.274334 1.571057 1.683010    0
400  0.8900055 1.067120 1.182423 1.277868 1.574185 1.675607    0
450  0.8938268 1.074431 1.182467 1.277858 1.573999 1.664566    0
500  0.8889701 1.072778 1.170924 1.273086 1.568483 1.664276    0
550  0.8887417 1.064968 1.170264 1.268694 1.571577 1.647918    0
600  0.8861197 1.066111 1.171119 1.268984 1.575259 1.646313    0
800  0.8874293 1.070128 1.176456 1.271293 1.571525 1.650928    0
1000 0.8953233 1.072338 1.185719 1.271830 1.562096 1.643673    0
2000 0.8973006 1.074168 1.184596 1.273227 1.572563 1.637510    0

Rsquared 
          Min.   1st Qu.    Median      Mean   3rd Qu.      Max. NA's
250  0.5799879 0.6965377 0.7936527 0.7684072 0.8766390 0.8952185    0
300  0.5845592 0.6896582 0.7902765 0.7672702 0.8771412 0.8947160    0
350  0.5930685 0.6895228 0.7882041 0.7687688 0.8735317 0.8995170    0
400  0.5968979 0.6877782 0.7861577 0.7677335 0.8728874 0.8949462    0
450  0.6021833 0.6872885 0.7862497 0.7682303 0.8709455 0.8944843    0
500  0.6022007 0.6901220 0.7903124 0.7699711 0.8710813 0.8961391    0
550  0.6102745 0.6879966 0.7906762 0.7716209 0.8729235 0.8962339    0
600  0.6111621 0.6854892 0.7901885 0.7712069 0.8722953 0.8968996    0
800  0.6085335 0.6868982 0.7884549 0.7703547 0.8714099 0.8964770    0
1000 0.6121029 0.6916818 0.7851992 0.7707289 0.8703481 0.8943127    0
2000 0.6158023 0.6872298 0.7860703 0.7705791 0.8697280 0.8940653    0

[1] "R2 = 1.71"
[1] "RMSEP = 1.71"
